Line12Wen64R5mridgealongcorrectspacing.bin
         5.00
11
1
Type of measurement (0=app. resistivity,1=resistance)
1
320
 2
0
4  75.00  0.00 150.00  0.00 0.00  0.00 225.00  0.00 -0.31791 
4  65.00  0.00 130.00  0.00 0.00  0.00 195.00  0.00 0.17771 
4  55.00  0.00 110.00  0.00 0.00  0.00 165.00  0.00 0.63492 
4  45.00  0.00 90.00  0.00 0.00  0.00 135.00  0.00 1.65269 
4  35.00  0.00 70.00  0.00 0.00  0.00 105.00  0.00 6.51195 
4  25.00  0.00 50.00  0.00 0.00  0.00 75.00  0.00 10.60424 
4  15.00  0.00 30.00  0.00 0.00  0.00 45.00  0.00 32.12659 
4  5.00  0.00 10.00  0.00 0.00  0.00 15.00  0.00 109.52740 
4  80.00  0.00 155.00  0.00 5.00  0.00 230.00  0.00 0.12690 
4  70.00  0.00 135.00  0.00 5.00  0.00 200.00  0.00 -0.50455 
4  60.00  0.00 115.00  0.00 5.00  0.00 170.00  0.00 -0.05118 
4  50.00  0.00 95.00  0.00 5.00  0.00 140.00  0.00 1.56161 
4  40.00  0.00 75.00  0.00 5.00  0.00 110.00  0.00 4.59532 
4  30.00  0.00 55.00  0.00 5.00  0.00 80.00  0.00 10.80675 
4  20.00  0.00 35.00  0.00 5.00  0.00 50.00  0.00 34.01561 
4  10.00  0.00 15.00  0.00 5.00  0.00 20.00  0.00 140.74793 
4  85.00  0.00 160.00  0.00 10.00  0.00 235.00  0.00 0.11044 
4  75.00  0.00 140.00  0.00 10.00  0.00 205.00  0.00 -0.23529 
4  65.00  0.00 120.00  0.00 10.00  0.00 175.00  0.00 0.65751 
4  55.00  0.00 100.00  0.00 10.00  0.00 145.00  0.00 1.14377 
4  45.00  0.00 80.00  0.00 10.00  0.00 115.00  0.00 3.01653 
4  35.00  0.00 60.00  0.00 10.00  0.00 85.00  0.00 10.72748 
4  25.00  0.00 40.00  0.00 10.00  0.00 55.00  0.00 33.79442 
4  15.00  0.00 20.00  0.00 10.00  0.00 25.00  0.00 175.99844 
4  90.00  0.00 165.00  0.00 15.00  0.00 240.00  0.00 0.46730 
4  80.00  0.00 145.00  0.00 15.00  0.00 210.00  0.00 -0.26390 
4  70.00  0.00 125.00  0.00 15.00  0.00 180.00  0.00 0.72536 
4  60.00  0.00 105.00  0.00 15.00  0.00 150.00  0.00 1.18187 
4  50.00  0.00 85.00  0.00 15.00  0.00 120.00  0.00 2.61605 
4  40.00  0.00 65.00  0.00 15.00  0.00 90.00  0.00 10.06168 
4  30.00  0.00 45.00  0.00 15.00  0.00 60.00  0.00 31.55824 
4  20.00  0.00 25.00  0.00 15.00  0.00 30.00  0.00 216.52544 
4  95.00  0.00 170.00  0.00 20.00  0.00 245.00  0.00 0.85474 
4  85.00  0.00 150.00  0.00 20.00  0.00 215.00  0.00 -0.02048 
4  75.00  0.00 130.00  0.00 20.00  0.00 185.00  0.00 0.04660 
4  65.00  0.00 110.00  0.00 20.00  0.00 155.00  0.00 1.30797 
4  55.00  0.00 90.00  0.00 20.00  0.00 125.00  0.00 1.51735 
4  45.00  0.00 70.00  0.00 20.00  0.00 95.00  0.00 8.49147 
4  35.00  0.00 50.00  0.00 20.00  0.00 65.00  0.00 40.88085 
4  25.00  0.00 30.00  0.00 20.00  0.00 35.00  0.00 289.28055 
4  100.00  0.00 175.00  0.00 25.00  0.00 250.00  0.00 0.91582 
4  90.00  0.00 155.00  0.00 25.00  0.00 220.00  0.00 0.44175 
4  80.00  0.00 135.00  0.00 25.00  0.00 190.00  0.00 0.53530 
4  70.00  0.00 115.00  0.00 25.00  0.00 160.00  0.00 0.95058 
4  60.00  0.00 95.00  0.00 25.00  0.00 130.00  0.00 1.61326 
4  50.00  0.00 75.00  0.00 25.00  0.00 100.00  0.00 7.74323 
4  40.00  0.00 55.00  0.00 25.00  0.00 70.00  0.00 40.74528 
4  30.00  0.00 35.00  0.00 25.00  0.00 40.00  0.00 395.51339 
4  105.00  0.00 180.00  0.00 30.00  0.00 255.00  0.00 0.66445 
4  95.00  0.00 160.00  0.00 30.00  0.00 225.00  0.00 0.70567 
4  85.00  0.00 140.00  0.00 30.00  0.00 195.00  0.00 0.42671 
4  75.00  0.00 120.00  0.00 30.00  0.00 165.00  0.00 1.37383 
4  65.00  0.00 100.00  0.00 30.00  0.00 135.00  0.00 2.17759 
4  55.00  0.00 80.00  0.00 30.00  0.00 105.00  0.00 6.25560 
4  45.00  0.00 60.00  0.00 30.00  0.00 75.00  0.00 34.91593 
4  35.00  0.00 40.00  0.00 30.00  0.00 45.00  0.00 423.52738 
4  110.00  0.00 185.00  0.00 35.00  0.00 260.00  0.00 0.80409 
4  100.00  0.00 165.00  0.00 35.00  0.00 230.00  0.00 0.83855 
4  90.00  0.00 145.00  0.00 35.00  0.00 200.00  0.00 0.49190 
4  80.00  0.00 125.00  0.00 35.00  0.00 170.00  0.00 2.65922 
4  70.00  0.00 105.00  0.00 35.00  0.00 140.00  0.00 2.36731 
4  60.00  0.00 85.00  0.00 35.00  0.00 110.00  0.00 5.72664 
4  50.00  0.00 65.00  0.00 35.00  0.00 80.00  0.00 33.37847 
4  40.00  0.00 45.00  0.00 35.00  0.00 50.00  0.00 422.60237 
4  115.00  0.00 190.00  0.00 40.00  0.00 265.00  0.00 0.92278 
4  105.00  0.00 170.00  0.00 40.00  0.00 235.00  0.00 1.36227 
4  95.00  0.00 150.00  0.00 40.00  0.00 205.00  0.00 1.26399 
4  85.00  0.00 130.00  0.00 40.00  0.00 175.00  0.00 2.09952 
4  75.00  0.00 110.00  0.00 40.00  0.00 145.00  0.00 3.49598 
4  65.00  0.00 90.00  0.00 40.00  0.00 115.00  0.00 6.80570 
4  55.00  0.00 70.00  0.00 40.00  0.00 85.00  0.00 28.75389 
4  45.00  0.00 50.00  0.00 40.00  0.00 55.00  0.00 357.08566 
4  120.00  0.00 195.00  0.00 45.00  0.00 270.00  0.00 0.96533 
4  110.00  0.00 175.00  0.00 45.00  0.00 240.00  0.00 2.10191 
4  100.00  0.00 155.00  0.00 45.00  0.00 210.00  0.00 1.64352 
4  90.00  0.00 135.00  0.00 45.00  0.00 180.00  0.00 2.69887 
4  80.00  0.00 115.00  0.00 45.00  0.00 150.00  0.00 4.67699 
4  70.00  0.00 95.00  0.00 45.00  0.00 120.00  0.00 5.65644 
4  60.00  0.00 75.00  0.00 45.00  0.00 90.00  0.00 19.01816 
4  50.00  0.00 55.00  0.00 45.00  0.00 60.00  0.00 246.07835 
4  125.00  0.00 200.00  0.00 50.00  0.00 275.00  0.00 0.99201 
4  115.00  0.00 180.00  0.00 50.00  0.00 245.00  0.00 1.63116 
4  105.00  0.00 160.00  0.00 50.00  0.00 215.00  0.00 1.53763 
4  95.00  0.00 140.00  0.00 50.00  0.00 185.00  0.00 2.51299 
4  85.00  0.00 120.00  0.00 50.00  0.00 155.00  0.00 4.37279 
4  75.00  0.00 100.00  0.00 50.00  0.00 125.00  0.00 5.02729 
4  65.00  0.00 80.00  0.00 50.00  0.00 95.00  0.00 17.82167 
4  55.00  0.00 60.00  0.00 50.00  0.00 65.00  0.00 244.30977 
4  130.00  0.00 205.00  0.00 55.00  0.00 280.00  0.00 0.52396 
4  120.00  0.00 185.00  0.00 55.00  0.00 250.00  0.00 0.71017 
4  110.00  0.00 165.00  0.00 55.00  0.00 220.00  0.00 1.27846 
4  100.00  0.00 145.00  0.00 55.00  0.00 190.00  0.00 1.82291 
4  90.00  0.00 125.00  0.00 55.00  0.00 160.00  0.00 4.33996 
4  80.00  0.00 105.00  0.00 55.00  0.00 130.00  0.00 5.37750 
4  70.00  0.00 85.00  0.00 55.00  0.00 100.00  0.00 12.81115 
4  60.00  0.00 65.00  0.00 55.00  0.00 70.00  0.00 168.92646 
4  135.00  0.00 210.00  0.00 60.00  0.00 285.00  0.00 0.33218 
4  125.00  0.00 190.00  0.00 60.00  0.00 255.00  0.00 0.80094 
4  115.00  0.00 170.00  0.00 60.00  0.00 225.00  0.00 0.92940 
4  105.00  0.00 150.00  0.00 60.00  0.00 195.00  0.00 1.71327 
4  95.00  0.00 130.00  0.00 60.00  0.00 165.00  0.00 4.58732 
4  85.00  0.00 110.00  0.00 60.00  0.00 135.00  0.00 6.58422 
4  75.00  0.00 90.00  0.00 60.00  0.00 105.00  0.00 11.18201 
4  65.00  0.00 70.00  0.00 60.00  0.00 75.00  0.00 197.44254 
4  140.00  0.00 215.00  0.00 65.00  0.00 290.00  0.00 0.64547 
4  130.00  0.00 195.00  0.00 65.00  0.00 260.00  0.00 0.44122 
4  120.00  0.00 175.00  0.00 65.00  0.00 230.00  0.00 1.08128 
4  110.00  0.00 155.00  0.00 65.00  0.00 200.00  0.00 1.87824 
4  100.00  0.00 135.00  0.00 65.00  0.00 170.00  0.00 3.49251 
4  90.00  0.00 115.00  0.00 65.00  0.00 140.00  0.00 7.18600 
4  80.00  0.00 95.00  0.00 65.00  0.00 110.00  0.00 11.44837 
4  70.00  0.00 75.00  0.00 65.00  0.00 80.00  0.00 153.03364 
4  145.00  0.00 220.00  0.00 70.00  0.00 295.00  0.00 0.27120 
4  135.00  0.00 200.00  0.00 70.00  0.00 265.00  0.00 0.28526 
4  125.00  0.00 180.00  0.00 70.00  0.00 235.00  0.00 0.94699 
4  115.00  0.00 160.00  0.00 70.00  0.00 205.00  0.00 1.47555 
4  105.00  0.00 140.00  0.00 70.00  0.00 175.00  0.00 2.49222 
4  95.00  0.00 120.00  0.00 70.00  0.00 145.00  0.00 6.05959 
4  85.00  0.00 100.00  0.00 70.00  0.00 115.00  0.00 10.76508 
4  75.00  0.00 80.00  0.00 70.00  0.00 85.00  0.00 143.88148 
4  150.00  0.00 225.00  0.00 75.00  0.00 300.00  0.00 0.47608 
4  140.00  0.00 205.00  0.00 75.00  0.00 270.00  0.00 0.56885 
4  130.00  0.00 185.00  0.00 75.00  0.00 240.00  0.00 0.88528 
4  120.00  0.00 165.00  0.00 75.00  0.00 210.00  0.00 1.33915 
4  110.00  0.00 145.00  0.00 75.00  0.00 180.00  0.00 2.12359 
4  100.00  0.00 125.00  0.00 75.00  0.00 150.00  0.00 5.47198 
4  90.00  0.00 105.00  0.00 75.00  0.00 120.00  0.00 11.85584 
4  80.00  0.00 85.00  0.00 75.00  0.00 90.00  0.00 112.72788 
4  155.00  0.00 230.00  0.00 80.00  0.00 305.00  0.00 0.66707 
4  145.00  0.00 210.00  0.00 80.00  0.00 275.00  0.00 0.74829 
4  135.00  0.00 190.00  0.00 80.00  0.00 245.00  0.00 1.11700 
4  125.00  0.00 170.00  0.00 80.00  0.00 215.00  0.00 1.26433 
4  115.00  0.00 150.00  0.00 80.00  0.00 185.00  0.00 2.06326 
4  105.00  0.00 130.00  0.00 80.00  0.00 155.00  0.00 6.19365 
4  95.00  0.00 110.00  0.00 80.00  0.00 125.00  0.00 13.44520 
4  85.00  0.00 90.00  0.00 80.00  0.00 95.00  0.00 122.46554 
4  160.00  0.00 235.00  0.00 85.00  0.00 310.00  0.00 0.46894 
4  150.00  0.00 215.00  0.00 85.00  0.00 280.00  0.00 0.58593 
4  140.00  0.00 195.00  0.00 85.00  0.00 250.00  0.00 0.67652 
4  130.00  0.00 175.00  0.00 85.00  0.00 220.00  0.00 1.00722 
4  120.00  0.00 155.00  0.00 85.00  0.00 190.00  0.00 1.49533 
4  110.00  0.00 135.00  0.00 85.00  0.00 160.00  0.00 5.55218 
4  100.00  0.00 115.00  0.00 85.00  0.00 130.00  0.00 10.71107 
4  90.00  0.00 95.00  0.00 85.00  0.00 100.00  0.00 111.79101 
4  165.00  0.00 240.00  0.00 90.00  0.00 315.00  0.00 0.53228 
4  155.00  0.00 220.00  0.00 90.00  0.00 285.00  0.00 0.78886 
4  145.00  0.00 200.00  0.00 90.00  0.00 255.00  0.00 0.65296 
4  135.00  0.00 180.00  0.00 90.00  0.00 225.00  0.00 1.06243 
4  125.00  0.00 160.00  0.00 90.00  0.00 195.00  0.00 1.03238 
4  115.00  0.00 140.00  0.00 90.00  0.00 165.00  0.00 4.23545 
4  105.00  0.00 120.00  0.00 90.00  0.00 135.00  0.00 8.59944 
4  95.00  0.00 100.00  0.00 90.00  0.00 105.00  0.00 155.33104 
4  160.00  0.00 225.00  0.00 95.00  0.00 290.00  0.00 0.80805 
4  150.00  0.00 205.00  0.00 95.00  0.00 260.00  0.00 0.63021 
4  140.00  0.00 185.00  0.00 95.00  0.00 230.00  0.00 1.11470 
4  130.00  0.00 165.00  0.00 95.00  0.00 200.00  0.00 1.73546 
4  120.00  0.00 145.00  0.00 95.00  0.00 170.00  0.00 2.98975 
4  110.00  0.00 125.00  0.00 95.00  0.00 140.00  0.00 8.28854 
4  100.00  0.00 105.00  0.00 95.00  0.00 110.00  0.00 144.33952 
4  165.00  0.00 230.00  0.00 100.00  0.00 295.00  0.00 0.77957 
4  155.00  0.00 210.00  0.00 100.00  0.00 265.00  0.00 0.72611 
4  145.00  0.00 190.00  0.00 100.00  0.00 235.00  0.00 1.44474 
4  135.00  0.00 170.00  0.00 100.00  0.00 205.00  0.00 1.91781 
4  125.00  0.00 150.00  0.00 100.00  0.00 175.00  0.00 2.00721 
4  115.00  0.00 130.00  0.00 100.00  0.00 145.00  0.00 9.96642 
4  105.00  0.00 110.00  0.00 100.00  0.00 115.00  0.00 191.10003 
4  170.00  0.00 235.00  0.00 105.00  0.00 300.00  0.00 0.84176 
4  160.00  0.00 215.00  0.00 105.00  0.00 270.00  0.00 0.80610 
4  150.00  0.00 195.00  0.00 105.00  0.00 240.00  0.00 1.11560 
4  140.00  0.00 175.00  0.00 105.00  0.00 210.00  0.00 1.61294 
4  130.00  0.00 155.00  0.00 105.00  0.00 180.00  0.00 3.11340 
4  120.00  0.00 135.00  0.00 105.00  0.00 150.00  0.00 10.94353 
4  110.00  0.00 115.00  0.00 105.00  0.00 120.00  0.00 189.71338 
4  175.00  0.00 240.00  0.00 110.00  0.00 305.00  0.00 0.80242 
4  165.00  0.00 220.00  0.00 110.00  0.00 275.00  0.00 1.10467 
4  155.00  0.00 200.00  0.00 110.00  0.00 245.00  0.00 1.57461 
4  145.00  0.00 180.00  0.00 110.00  0.00 215.00  0.00 2.92041 
4  135.00  0.00 160.00  0.00 110.00  0.00 185.00  0.00 4.42611 
4  125.00  0.00 140.00  0.00 110.00  0.00 155.00  0.00 10.72386 
4  115.00  0.00 120.00  0.00 110.00  0.00 125.00  0.00 155.83419 
4  180.00  0.00 245.00  0.00 115.00  0.00 310.00  0.00 0.80084 
4  170.00  0.00 225.00  0.00 115.00  0.00 280.00  0.00 0.90844 
4  160.00  0.00 205.00  0.00 115.00  0.00 250.00  0.00 1.59064 
4  150.00  0.00 185.00  0.00 115.00  0.00 220.00  0.00 2.97942 
4  140.00  0.00 165.00  0.00 115.00  0.00 190.00  0.00 4.37805 
4  130.00  0.00 145.00  0.00 115.00  0.00 160.00  0.00 9.96623 
4  120.00  0.00 125.00  0.00 115.00  0.00 130.00  0.00 147.79071 
4  185.00  0.00 250.00  0.00 120.00  0.00 315.00  0.00 1.35008 
4  175.00  0.00 230.00  0.00 120.00  0.00 285.00  0.00 1.11435 
4  165.00  0.00 210.00  0.00 120.00  0.00 255.00  0.00 1.33061 
4  155.00  0.00 190.00  0.00 120.00  0.00 225.00  0.00 2.17621 
4  145.00  0.00 170.00  0.00 120.00  0.00 195.00  0.00 5.47746 
4  135.00  0.00 150.00  0.00 120.00  0.00 165.00  0.00 10.40522 
4  125.00  0.00 130.00  0.00 120.00  0.00 135.00  0.00 103.03670 
4  180.00  0.00 235.00  0.00 125.00  0.00 290.00  0.00 1.04531 
4  170.00  0.00 215.00  0.00 125.00  0.00 260.00  0.00 1.42635 
4  160.00  0.00 195.00  0.00 125.00  0.00 230.00  0.00 1.97881 
4  150.00  0.00 175.00  0.00 125.00  0.00 200.00  0.00 5.11809 
4  140.00  0.00 155.00  0.00 125.00  0.00 170.00  0.00 13.36533 
4  130.00  0.00 135.00  0.00 125.00  0.00 140.00  0.00 62.10583 
4  185.00  0.00 240.00  0.00 130.00  0.00 295.00  0.00 0.76087 
4  175.00  0.00 220.00  0.00 130.00  0.00 265.00  0.00 1.30465 
4  165.00  0.00 200.00  0.00 130.00  0.00 235.00  0.00 2.46466 
4  155.00  0.00 180.00  0.00 130.00  0.00 205.00  0.00 6.93564 
4  145.00  0.00 160.00  0.00 130.00  0.00 175.00  0.00 17.66719 
4  135.00  0.00 140.00  0.00 130.00  0.00 145.00  0.00 45.68390 
4  190.00  0.00 245.00  0.00 135.00  0.00 300.00  0.00 0.70706 
4  180.00  0.00 225.00  0.00 135.00  0.00 270.00  0.00 0.92097 
4  170.00  0.00 205.00  0.00 135.00  0.00 240.00  0.00 1.38240 
4  160.00  0.00 185.00  0.00 135.00  0.00 210.00  0.00 6.72479 
4  150.00  0.00 165.00  0.00 135.00  0.00 180.00  0.00 27.24893 
4  140.00  0.00 145.00  0.00 135.00  0.00 150.00  0.00 47.69813 
4  195.00  0.00 250.00  0.00 140.00  0.00 305.00  0.00 0.68644 
4  185.00  0.00 230.00  0.00 140.00  0.00 275.00  0.00 0.77527 
4  175.00  0.00 210.00  0.00 140.00  0.00 245.00  0.00 1.06628 
4  165.00  0.00 190.00  0.00 140.00  0.00 215.00  0.00 5.51913 
4  155.00  0.00 170.00  0.00 140.00  0.00 185.00  0.00 31.42066 
4  145.00  0.00 150.00  0.00 140.00  0.00 155.00  0.00 42.19372 
4  200.00  0.00 255.00  0.00 145.00  0.00 310.00  0.00 0.36059 
4  190.00  0.00 235.00  0.00 145.00  0.00 280.00  0.00 0.27799 
4  180.00  0.00 215.00  0.00 145.00  0.00 250.00  0.00 0.78348 
4  170.00  0.00 195.00  0.00 145.00  0.00 220.00  0.00 4.21339 
4  160.00  0.00 175.00  0.00 145.00  0.00 190.00  0.00 20.61221 
4  150.00  0.00 155.00  0.00 145.00  0.00 160.00  0.00 95.13375 
4  205.00  0.00 260.00  0.00 150.00  0.00 315.00  0.00 0.74289 
4  195.00  0.00 240.00  0.00 150.00  0.00 285.00  0.00 0.46070 
4  185.00  0.00 220.00  0.00 150.00  0.00 255.00  0.00 0.95209 
4  175.00  0.00 200.00  0.00 150.00  0.00 225.00  0.00 3.10934 
4  165.00  0.00 180.00  0.00 150.00  0.00 195.00  0.00 21.76104 
4  155.00  0.00 160.00  0.00 150.00  0.00 165.00  0.00 150.56505 
4  200.00  0.00 245.00  0.00 155.00  0.00 290.00  0.00 0.69885 
4  190.00  0.00 225.00  0.00 155.00  0.00 260.00  0.00 1.14705 
4  180.00  0.00 205.00  0.00 155.00  0.00 230.00  0.00 3.90545 
4  170.00  0.00 185.00  0.00 155.00  0.00 200.00  0.00 26.76632 
4  160.00  0.00 165.00  0.00 155.00  0.00 170.00  0.00 210.72344 
4  205.00  0.00 250.00  0.00 160.00  0.00 295.00  0.00 0.88518 
4  195.00  0.00 230.00  0.00 160.00  0.00 265.00  0.00 1.14032 
4  185.00  0.00 210.00  0.00 160.00  0.00 235.00  0.00 4.12966 
4  175.00  0.00 190.00  0.00 160.00  0.00 205.00  0.00 29.25332 
4  165.00  0.00 170.00  0.00 160.00  0.00 175.00  0.00 312.39464 
4  210.00  0.00 255.00  0.00 165.00  0.00 300.00  0.00 1.12405 
4  200.00  0.00 235.00  0.00 165.00  0.00 270.00  0.00 1.22052 
4  190.00  0.00 215.00  0.00 165.00  0.00 240.00  0.00 3.83586 
4  180.00  0.00 195.00  0.00 165.00  0.00 210.00  0.00 31.08030 
4  170.00  0.00 175.00  0.00 165.00  0.00 180.00  0.00 304.96761 
4  215.00  0.00 260.00  0.00 170.00  0.00 305.00  0.00 1.76482 
4  205.00  0.00 240.00  0.00 170.00  0.00 275.00  0.00 1.60105 
4  195.00  0.00 220.00  0.00 170.00  0.00 245.00  0.00 4.47360 
4  185.00  0.00 200.00  0.00 170.00  0.00 215.00  0.00 30.80432 
4  175.00  0.00 180.00  0.00 170.00  0.00 185.00  0.00 323.31100 
4  220.00  0.00 265.00  0.00 175.00  0.00 310.00  0.00 1.75915 
4  210.00  0.00 245.00  0.00 175.00  0.00 280.00  0.00 1.82833 
4  200.00  0.00 225.00  0.00 175.00  0.00 250.00  0.00 4.76959 
4  190.00  0.00 205.00  0.00 175.00  0.00 220.00  0.00 18.33008 
4  180.00  0.00 185.00  0.00 175.00  0.00 190.00  0.00 245.97298 
4  225.00  0.00 270.00  0.00 180.00  0.00 315.00  0.00 1.65903 
4  215.00  0.00 250.00  0.00 180.00  0.00 285.00  0.00 2.01612 
4  205.00  0.00 230.00  0.00 180.00  0.00 255.00  0.00 4.96640 
4  195.00  0.00 210.00  0.00 180.00  0.00 225.00  0.00 19.34792 
4  185.00  0.00 190.00  0.00 180.00  0.00 195.00  0.00 229.85387 
4  220.00  0.00 255.00  0.00 185.00  0.00 290.00  0.00 2.24559 
4  210.00  0.00 235.00  0.00 185.00  0.00 260.00  0.00 4.73151 
4  200.00  0.00 215.00  0.00 185.00  0.00 230.00  0.00 25.94668 
4  190.00  0.00 195.00  0.00 185.00  0.00 200.00  0.00 103.83777 
4  225.00  0.00 260.00  0.00 190.00  0.00 295.00  0.00 2.72283 
4  215.00  0.00 240.00  0.00 190.00  0.00 265.00  0.00 4.44909 
4  205.00  0.00 220.00  0.00 190.00  0.00 235.00  0.00 24.72181 
4  195.00  0.00 200.00  0.00 190.00  0.00 205.00  0.00 67.52706 
4  230.00  0.00 265.00  0.00 195.00  0.00 300.00  0.00 2.99357 
4  220.00  0.00 245.00  0.00 195.00  0.00 270.00  0.00 4.91181 
4  210.00  0.00 225.00  0.00 195.00  0.00 240.00  0.00 16.20507 
4  200.00  0.00 205.00  0.00 195.00  0.00 210.00  0.00 71.41811 
4  235.00  0.00 270.00  0.00 200.00  0.00 305.00  0.00 3.15624 
4  225.00  0.00 250.00  0.00 200.00  0.00 275.00  0.00 4.82209 
4  215.00  0.00 230.00  0.00 200.00  0.00 245.00  0.00 10.56042 
4  205.00  0.00 210.00  0.00 200.00  0.00 215.00  0.00 72.89259 
4  240.00  0.00 275.00  0.00 205.00  0.00 310.00  0.00 3.75434 
4  230.00  0.00 255.00  0.00 205.00  0.00 280.00  0.00 4.64957 
4  220.00  0.00 235.00  0.00 205.00  0.00 250.00  0.00 12.73664 
4  210.00  0.00 215.00  0.00 205.00  0.00 220.00  0.00 72.22552 
4  245.00  0.00 280.00  0.00 210.00  0.00 315.00  0.00 4.42093 
4  235.00  0.00 260.00  0.00 210.00  0.00 285.00  0.00 5.48773 
4  225.00  0.00 240.00  0.00 210.00  0.00 255.00  0.00 14.97229 
4  215.00  0.00 220.00  0.00 210.00  0.00 225.00  0.00 61.81940 
4  240.00  0.00 265.00  0.00 215.00  0.00 290.00  0.00 5.91431 
4  230.00  0.00 245.00  0.00 215.00  0.00 260.00  0.00 18.39498 
4  220.00  0.00 225.00  0.00 215.00  0.00 230.00  0.00 58.18572 
4  245.00  0.00 270.00  0.00 220.00  0.00 295.00  0.00 5.28557 
4  235.00  0.00 250.00  0.00 220.00  0.00 265.00  0.00 16.69418 
4  225.00  0.00 230.00  0.00 220.00  0.00 235.00  0.00 49.62743 
4  250.00  0.00 275.00  0.00 225.00  0.00 300.00  0.00 6.46366 
4  240.00  0.00 255.00  0.00 225.00  0.00 270.00  0.00 14.01943 
4  230.00  0.00 235.00  0.00 225.00  0.00 240.00  0.00 83.02798 
4  255.00  0.00 280.00  0.00 230.00  0.00 305.00  0.00 8.90652 
4  245.00  0.00 260.00  0.00 230.00  0.00 275.00  0.00 14.22794 
4  235.00  0.00 240.00  0.00 230.00  0.00 245.00  0.00 69.41214 
4  260.00  0.00 285.00  0.00 235.00  0.00 310.00  0.00 10.23781 
4  250.00  0.00 265.00  0.00 235.00  0.00 280.00  0.00 14.10271 
4  240.00  0.00 245.00  0.00 235.00  0.00 250.00  0.00 80.24298 
4  265.00  0.00 290.00  0.00 240.00  0.00 315.00  0.00 11.10700 
4  255.00  0.00 270.00  0.00 240.00  0.00 285.00  0.00 15.97521 
4  245.00  0.00 250.00  0.00 240.00  0.00 255.00  0.00 63.91391 
4  260.00  0.00 275.00  0.00 245.00  0.00 290.00  0.00 19.68660 
4  250.00  0.00 255.00  0.00 245.00  0.00 260.00  0.00 49.10000 
4  265.00  0.00 280.00  0.00 250.00  0.00 295.00  0.00 23.74969 
4  255.00  0.00 260.00  0.00 250.00  0.00 265.00  0.00 58.47397 
4  270.00  0.00 285.00  0.00 255.00  0.00 300.00  0.00 26.30245 
4  260.00  0.00 265.00  0.00 255.00  0.00 270.00  0.00 45.58082 
4  275.00  0.00 290.00  0.00 260.00  0.00 305.00  0.00 30.63079 
4  265.00  0.00 270.00  0.00 260.00  0.00 275.00  0.00 55.56142 
4  280.00  0.00 295.00  0.00 265.00  0.00 310.00  0.00 38.45631 
4  270.00  0.00 275.00  0.00 265.00  0.00 280.00  0.00 56.10852 
4  285.00  0.00 300.00  0.00 270.00  0.00 315.00  0.00 44.59344 
4  275.00  0.00 280.00  0.00 270.00  0.00 285.00  0.00 80.29045 
4  280.00  0.00 285.00  0.00 275.00  0.00 290.00  0.00 85.25848 
4  285.00  0.00 290.00  0.00 280.00  0.00 295.00  0.00 96.85268 
4  290.00  0.00 295.00  0.00 285.00  0.00 300.00  0.00 165.07108 
4  295.00  0.00 300.00  0.00 290.00  0.00 305.00  0.00 226.87891 
4  300.00  0.00 305.00  0.00 295.00  0.00 310.00  0.00 424.43832 
4  305.00  0.00 310.00  0.00 300.00  0.00 315.00  0.00 588.04363 
0
0
0
0
