20230629Wen48RN1Mridge.bin
         1.00
11
0
Type of measurement (0=app. resistivity,1=resistance)
1
684
 2
0
4  0.00  0.00 36.00  0.00 12.00  0.00 24.00  0.00 2.52023 
4  0.00  0.00 33.00  0.00 11.00  0.00 22.00  0.00 2.57087 
4  0.00  0.00 30.00  0.00 10.00  0.00 20.00  0.00 4.09681 
4  0.00  0.00 27.00  0.00 9.00  0.00 18.00  0.00 4.51817 
4  0.00  0.00 24.00  0.00 8.00  0.00 16.00  0.00 3.37259 
4  0.00  0.00 21.00  0.00 7.00  0.00 14.00  0.00 5.80440 
4  0.00  0.00 18.00  0.00 6.00  0.00 12.00  0.00 13.56336 
4  0.00  0.00 15.00  0.00 5.00  0.00 10.00  0.00 43.56272 
4  0.00  0.00 12.00  0.00 4.00  0.00 8.00  0.00 61.87770 
4  0.00  0.00 9.00  0.00 3.00  0.00 6.00  0.00 16.09199 
4  0.00  0.00 6.00  0.00 2.00  0.00 4.00  0.00 2566.93027 
4  0.00  0.00 3.00  0.00 1.00  0.00 2.00  0.00 60528.49522 
4  1.00  0.00 37.00  0.00 13.00  0.00 25.00  0.00 0.00000 
4  1.00  0.00 34.00  0.00 12.00  0.00 23.00  0.00 -17.55570 
4  1.00  0.00 31.00  0.00 11.00  0.00 21.00  0.00 -21.10682 
4  1.00  0.00 28.00  0.00 10.00  0.00 19.00  0.00 -37.09515 
4  1.00  0.00 25.00  0.00 9.00  0.00 17.00  0.00 -85.98868 
4  1.00  0.00 22.00  0.00 8.00  0.00 15.00  0.00 -115.22196 
4  1.00  0.00 19.00  0.00 7.00  0.00 13.00  0.00 -153.10664 
4  1.00  0.00 16.00  0.00 6.00  0.00 11.00  0.00 0.00000 
4  1.00  0.00 13.00  0.00 5.00  0.00 9.00  0.00 71.46891 
4  1.00  0.00 10.00  0.00 4.00  0.00 7.00  0.00 137.35694 
4  1.00  0.00 7.00  0.00 3.00  0.00 5.00  0.00 -85.56784 
4  1.00  0.00 4.00  0.00 2.00  0.00 3.00  0.00 2802270.78804 
4  2.00  0.00 38.00  0.00 14.00  0.00 26.00  0.00 -29.30261 
4  2.00  0.00 35.00  0.00 13.00  0.00 24.00  0.00 -19.01522 
4  2.00  0.00 32.00  0.00 12.00  0.00 22.00  0.00 -28.57047 
4  2.00  0.00 29.00  0.00 11.00  0.00 20.00  0.00 -52.70331 
4  2.00  0.00 26.00  0.00 10.00  0.00 18.00  0.00 -34.19208 
4  2.00  0.00 23.00  0.00 9.00  0.00 16.00  0.00 -80.42033 
4  2.00  0.00 20.00  0.00 8.00  0.00 14.00  0.00 -101.38655 
4  2.00  0.00 17.00  0.00 7.00  0.00 12.00  0.00 -26.34856 
4  2.00  0.00 14.00  0.00 6.00  0.00 10.00  0.00 0.00000 
4  2.00  0.00 11.00  0.00 5.00  0.00 8.00  0.00 55.85722 
4  2.00  0.00 8.00  0.00 4.00  0.00 6.00  0.00 597.31410 
4  2.00  0.00 5.00  0.00 3.00  0.00 4.00  0.00 733.68593 
4  3.00  0.00 39.00  0.00 15.00  0.00 27.00  0.00 4.37015 
4  3.00  0.00 36.00  0.00 14.00  0.00 25.00  0.00 3.85729 
4  3.00  0.00 33.00  0.00 13.00  0.00 23.00  0.00 3.68726 
4  3.00  0.00 30.00  0.00 12.00  0.00 21.00  0.00 4.11444 
4  3.00  0.00 27.00  0.00 11.00  0.00 19.00  0.00 4.23493 
4  3.00  0.00 24.00  0.00 10.00  0.00 17.00  0.00 4.73066 
4  3.00  0.00 21.00  0.00 9.00  0.00 15.00  0.00 5.25336 
4  3.00  0.00 18.00  0.00 8.00  0.00 13.00  0.00 7.51812 
4  3.00  0.00 15.00  0.00 7.00  0.00 11.00  0.00 16.65339 
4  3.00  0.00 12.00  0.00 6.00  0.00 9.00  0.00 13.08862 
4  3.00  0.00 9.00  0.00 5.00  0.00 7.00  0.00 54.28822 
4  3.00  0.00 6.00  0.00 4.00  0.00 5.00  0.00 354.78714 
4  4.00  0.00 40.00  0.00 16.00  0.00 28.00  0.00 5.61385 
4  4.00  0.00 37.00  0.00 15.00  0.00 26.00  0.00 4.06057 
4  4.00  0.00 34.00  0.00 14.00  0.00 24.00  0.00 3.56419 
4  4.00  0.00 31.00  0.00 13.00  0.00 22.00  0.00 3.56701 
4  4.00  0.00 28.00  0.00 12.00  0.00 20.00  0.00 4.09872 
4  4.00  0.00 25.00  0.00 11.00  0.00 18.00  0.00 4.44023 
4  4.00  0.00 22.00  0.00 10.00  0.00 16.00  0.00 5.06737 
4  4.00  0.00 19.00  0.00 9.00  0.00 14.00  0.00 6.47893 
4  4.00  0.00 16.00  0.00 8.00  0.00 12.00  0.00 15.68561 
4  4.00  0.00 13.00  0.00 7.00  0.00 10.00  0.00 14.45744 
4  4.00  0.00 10.00  0.00 6.00  0.00 8.00  0.00 17.71774 
4  4.00  0.00 7.00  0.00 5.00  0.00 6.00  0.00 329.69219 
4  5.00  0.00 41.00  0.00 17.00  0.00 29.00  0.00 6.07401 
4  5.00  0.00 38.00  0.00 16.00  0.00 27.00  0.00 4.40448 
4  5.00  0.00 35.00  0.00 15.00  0.00 25.00  0.00 4.00712 
4  5.00  0.00 32.00  0.00 14.00  0.00 23.00  0.00 3.61861 
4  5.00  0.00 29.00  0.00 13.00  0.00 21.00  0.00 3.87195 
4  5.00  0.00 26.00  0.00 12.00  0.00 19.00  0.00 4.49366 
4  5.00  0.00 23.00  0.00 11.00  0.00 17.00  0.00 5.03312 
4  5.00  0.00 20.00  0.00 10.00  0.00 15.00  0.00 5.69077 
4  5.00  0.00 17.00  0.00 9.00  0.00 13.00  0.00 15.75071 
4  5.00  0.00 14.00  0.00 8.00  0.00 11.00  0.00 24.84720 
4  5.00  0.00 11.00  0.00 7.00  0.00 9.00  0.00 14.84760 
4  5.00  0.00 8.00  0.00 6.00  0.00 7.00  0.00 71.05065 
4  6.00  0.00 42.00  0.00 18.00  0.00 30.00  0.00 6.63662 
4  6.00  0.00 39.00  0.00 17.00  0.00 28.00  0.00 5.40866 
4  6.00  0.00 36.00  0.00 16.00  0.00 26.00  0.00 4.19914 
4  6.00  0.00 33.00  0.00 15.00  0.00 24.00  0.00 3.83895 
4  6.00  0.00 30.00  0.00 14.00  0.00 22.00  0.00 3.87552 
4  6.00  0.00 27.00  0.00 13.00  0.00 20.00  0.00 4.20644 
4  6.00  0.00 24.00  0.00 12.00  0.00 18.00  0.00 5.11673 
4  6.00  0.00 21.00  0.00 11.00  0.00 16.00  0.00 5.80222 
4  6.00  0.00 18.00  0.00 10.00  0.00 14.00  0.00 9.67722 
4  6.00  0.00 15.00  0.00 9.00  0.00 12.00  0.00 42.07907 
4  6.00  0.00 12.00  0.00 8.00  0.00 10.00  0.00 24.09702 
4  6.00  0.00 9.00  0.00 7.00  0.00 8.00  0.00 50.06864 
4  7.00  0.00 43.00  0.00 19.00  0.00 31.00  0.00 8.70196 
4  7.00  0.00 40.00  0.00 18.00  0.00 29.00  0.00 6.19174 
4  7.00  0.00 37.00  0.00 17.00  0.00 27.00  0.00 4.56487 
4  7.00  0.00 34.00  0.00 16.00  0.00 25.00  0.00 4.02496 
4  7.00  0.00 31.00  0.00 15.00  0.00 23.00  0.00 3.88983 
4  7.00  0.00 28.00  0.00 14.00  0.00 21.00  0.00 3.96812 
4  7.00  0.00 25.00  0.00 13.00  0.00 19.00  0.00 4.65828 
4  7.00  0.00 22.00  0.00 12.00  0.00 17.00  0.00 6.74256 
4  7.00  0.00 19.00  0.00 11.00  0.00 15.00  0.00 7.42968 
4  7.00  0.00 16.00  0.00 10.00  0.00 13.00  0.00 122.17292 
4  7.00  0.00 13.00  0.00 9.00  0.00 11.00  0.00 43.44972 
4  7.00  0.00 10.00  0.00 8.00  0.00 9.00  0.00 46.82997 
4  8.00  0.00 44.00  0.00 20.00  0.00 32.00  0.00 9.11721 
4  8.00  0.00 41.00  0.00 19.00  0.00 30.00  0.00 6.95473 
4  8.00  0.00 38.00  0.00 18.00  0.00 28.00  0.00 5.76110 
4  8.00  0.00 35.00  0.00 17.00  0.00 26.00  0.00 4.26999 
4  8.00  0.00 32.00  0.00 16.00  0.00 24.00  0.00 3.98871 
4  8.00  0.00 29.00  0.00 15.00  0.00 22.00  0.00 4.27342 
4  8.00  0.00 26.00  0.00 14.00  0.00 20.00  0.00 4.71882 
4  8.00  0.00 23.00  0.00 13.00  0.00 18.00  0.00 6.14609 
4  8.00  0.00 20.00  0.00 12.00  0.00 16.00  0.00 8.34809 
4  8.00  0.00 17.00  0.00 11.00  0.00 14.00  0.00 30.64481 
4  8.00  0.00 14.00  0.00 10.00  0.00 12.00  0.00 76.78647 
4  8.00  0.00 11.00  0.00 9.00  0.00 10.00  0.00 58.67785 
4  9.00  0.00 45.00  0.00 21.00  0.00 33.00  0.00 9.23430 
4  9.00  0.00 42.00  0.00 20.00  0.00 31.00  0.00 9.17577 
4  9.00  0.00 39.00  0.00 19.00  0.00 29.00  0.00 6.29387 
4  9.00  0.00 36.00  0.00 18.00  0.00 27.00  0.00 4.99138 
4  9.00  0.00 33.00  0.00 17.00  0.00 25.00  0.00 4.21924 
4  9.00  0.00 30.00  0.00 16.00  0.00 23.00  0.00 4.56650 
4  9.00  0.00 27.00  0.00 15.00  0.00 21.00  0.00 5.11168 
4  9.00  0.00 24.00  0.00 14.00  0.00 19.00  0.00 6.04227 
4  9.00  0.00 21.00  0.00 13.00  0.00 17.00  0.00 9.31538 
4  9.00  0.00 18.00  0.00 12.00  0.00 15.00  0.00 15.71344 
4  9.00  0.00 15.00  0.00 11.00  0.00 13.00  0.00 483.35265 
4  9.00  0.00 12.00  0.00 10.00  0.00 11.00  0.00 92.43186 
4  10.00  0.00 46.00  0.00 22.00  0.00 34.00  0.00 9.42221 
4  10.00  0.00 43.00  0.00 21.00  0.00 32.00  0.00 9.89337 
4  10.00  0.00 40.00  0.00 20.00  0.00 30.00  0.00 7.25997 
4  10.00  0.00 37.00  0.00 19.00  0.00 28.00  0.00 6.40277 
4  10.00  0.00 34.00  0.00 18.00  0.00 26.00  0.00 4.56803 
4  10.00  0.00 31.00  0.00 17.00  0.00 24.00  0.00 4.18673 
4  10.00  0.00 28.00  0.00 16.00  0.00 22.00  0.00 4.97823 
4  10.00  0.00 25.00  0.00 15.00  0.00 20.00  0.00 7.26107 
4  10.00  0.00 22.00  0.00 14.00  0.00 18.00  0.00 11.07818 
4  10.00  0.00 19.00  0.00 13.00  0.00 16.00  0.00 16.23638 
4  10.00  0.00 16.00  0.00 12.00  0.00 14.00  0.00 316.99409 
4  10.00  0.00 13.00  0.00 11.00  0.00 12.00  0.00 174.22656 
4  11.00  0.00 47.00  0.00 23.00  0.00 35.00  0.00 8.96483 
4  11.00  0.00 44.00  0.00 22.00  0.00 33.00  0.00 10.39452 
4  11.00  0.00 41.00  0.00 21.00  0.00 31.00  0.00 9.78056 
4  11.00  0.00 38.00  0.00 20.00  0.00 29.00  0.00 6.90528 
4  11.00  0.00 35.00  0.00 19.00  0.00 27.00  0.00 5.58453 
4  11.00  0.00 32.00  0.00 18.00  0.00 25.00  0.00 4.86210 
4  11.00  0.00 29.00  0.00 17.00  0.00 23.00  0.00 4.87207 
4  11.00  0.00 26.00  0.00 16.00  0.00 21.00  0.00 8.00087 
4  11.00  0.00 23.00  0.00 15.00  0.00 19.00  0.00 16.30586 
4  11.00  0.00 20.00  0.00 14.00  0.00 17.00  0.00 28.10500 
4  11.00  0.00 17.00  0.00 13.00  0.00 15.00  0.00 68.39096 
4  11.00  0.00 14.00  0.00 12.00  0.00 13.00  0.00 1143.61090 
4  12.00  0.00 45.00  0.00 23.00  0.00 34.00  0.00 10.69775 
4  12.00  0.00 42.00  0.00 22.00  0.00 32.00  0.00 10.43187 
4  12.00  0.00 39.00  0.00 21.00  0.00 30.00  0.00 7.37187 
4  12.00  0.00 36.00  0.00 20.00  0.00 28.00  0.00 7.15353 
4  12.00  0.00 33.00  0.00 19.00  0.00 26.00  0.00 5.27960 
4  12.00  0.00 30.00  0.00 18.00  0.00 24.00  0.00 5.13928 
4  12.00  0.00 27.00  0.00 17.00  0.00 22.00  0.00 5.57310 
4  12.00  0.00 24.00  0.00 16.00  0.00 20.00  0.00 15.61581 
4  12.00  0.00 21.00  0.00 15.00  0.00 18.00  0.00 46.20149 
4  12.00  0.00 18.00  0.00 14.00  0.00 16.00  0.00 86.25852 
4  12.00  0.00 15.00  0.00 13.00  0.00 14.00  0.00 1277.72943 
4  13.00  0.00 46.00  0.00 24.00  0.00 35.00  0.00 10.01760 
4  13.00  0.00 43.00  0.00 23.00  0.00 33.00  0.00 11.22330 
4  13.00  0.00 40.00  0.00 22.00  0.00 31.00  0.00 10.34361 
4  13.00  0.00 37.00  0.00 21.00  0.00 29.00  0.00 7.82312 
4  13.00  0.00 34.00  0.00 20.00  0.00 27.00  0.00 6.38711 
4  13.00  0.00 31.00  0.00 19.00  0.00 25.00  0.00 6.40072 
4  13.00  0.00 28.00  0.00 18.00  0.00 23.00  0.00 6.72800 
4  13.00  0.00 25.00  0.00 17.00  0.00 21.00  0.00 15.19267 
4  13.00  0.00 22.00  0.00 16.00  0.00 19.00  0.00 124.72357 
4  13.00  0.00 19.00  0.00 15.00  0.00 17.00  0.00 501.97659 
4  13.00  0.00 16.00  0.00 14.00  0.00 15.00  0.00 1127.54007 
4  14.00  0.00 47.00  0.00 25.00  0.00 36.00  0.00 9.26540 
4  14.00  0.00 44.00  0.00 24.00  0.00 34.00  0.00 12.16716 
4  14.00  0.00 41.00  0.00 23.00  0.00 32.00  0.00 11.08220 
4  14.00  0.00 38.00  0.00 22.00  0.00 30.00  0.00 8.25901 
4  14.00  0.00 35.00  0.00 21.00  0.00 28.00  0.00 8.31026 
4  14.00  0.00 32.00  0.00 20.00  0.00 26.00  0.00 7.14830 
4  14.00  0.00 29.00  0.00 19.00  0.00 24.00  0.00 7.00137 
4  14.00  0.00 26.00  0.00 18.00  0.00 22.00  0.00 9.18924 
4  14.00  0.00 23.00  0.00 17.00  0.00 20.00  0.00 30.47539 
4  14.00  0.00 20.00  0.00 16.00  0.00 18.00  0.00 323.68689 
4  14.00  0.00 17.00  0.00 15.00  0.00 16.00  0.00 1493.52743 
4  15.00  0.00 45.00  0.00 25.00  0.00 35.00  0.00 11.42253 
4  15.00  0.00 42.00  0.00 24.00  0.00 33.00  0.00 11.77828 
4  15.00  0.00 39.00  0.00 23.00  0.00 31.00  0.00 10.30056 
4  15.00  0.00 36.00  0.00 22.00  0.00 29.00  0.00 8.71424 
4  15.00  0.00 33.00  0.00 21.00  0.00 27.00  0.00 7.73717 
4  15.00  0.00 30.00  0.00 20.00  0.00 25.00  0.00 9.56762 
4  15.00  0.00 27.00  0.00 19.00  0.00 23.00  0.00 7.86681 
4  15.00  0.00 24.00  0.00 18.00  0.00 21.00  0.00 12.44134 
4  15.00  0.00 21.00  0.00 17.00  0.00 19.00  0.00 57.33554 
4  15.00  0.00 18.00  0.00 16.00  0.00 17.00  0.00 908.23427 
4  16.00  0.00 46.00  0.00 26.00  0.00 36.00  0.00 10.40597 
4  16.00  0.00 43.00  0.00 25.00  0.00 34.00  0.00 13.32809 
4  16.00  0.00 40.00  0.00 24.00  0.00 32.00  0.00 11.43614 
4  16.00  0.00 37.00  0.00 23.00  0.00 30.00  0.00 8.81235 
4  16.00  0.00 34.00  0.00 22.00  0.00 28.00  0.00 9.11624 
4  16.00  0.00 31.00  0.00 21.00  0.00 26.00  0.00 9.54256 
4  16.00  0.00 28.00  0.00 20.00  0.00 24.00  0.00 7.95682 
4  16.00  0.00 25.00  0.00 19.00  0.00 22.00  0.00 10.05001 
4  16.00  0.00 22.00  0.00 18.00  0.00 20.00  0.00 33.77937 
4  16.00  0.00 19.00  0.00 17.00  0.00 18.00  0.00 290.00762 
4  17.00  0.00 47.00  0.00 27.00  0.00 37.00  0.00 9.44354 
4  17.00  0.00 44.00  0.00 26.00  0.00 35.00  0.00 13.30052 
4  17.00  0.00 41.00  0.00 25.00  0.00 33.00  0.00 12.60692 
4  17.00  0.00 38.00  0.00 24.00  0.00 31.00  0.00 11.11937 
4  17.00  0.00 35.00  0.00 23.00  0.00 29.00  0.00 9.40955 
4  17.00  0.00 32.00  0.00 22.00  0.00 27.00  0.00 11.59752 
4  17.00  0.00 29.00  0.00 21.00  0.00 25.00  0.00 13.02679 
4  17.00  0.00 26.00  0.00 20.00  0.00 23.00  0.00 11.68164 
4  17.00  0.00 23.00  0.00 19.00  0.00 21.00  0.00 31.88163 
4  17.00  0.00 20.00  0.00 18.00  0.00 19.00  0.00 246.08222 
4  18.00  0.00 45.00  0.00 27.00  0.00 36.00  0.00 12.12252 
4  18.00  0.00 42.00  0.00 26.00  0.00 34.00  0.00 14.47763 
4  18.00  0.00 39.00  0.00 25.00  0.00 32.00  0.00 11.39923 
4  18.00  0.00 36.00  0.00 24.00  0.00 30.00  0.00 9.57064 
4  18.00  0.00 33.00  0.00 23.00  0.00 28.00  0.00 11.91354 
4  18.00  0.00 30.00  0.00 22.00  0.00 26.00  0.00 20.70376 
4  18.00  0.00 27.00  0.00 21.00  0.00 24.00  0.00 13.13886 
4  18.00  0.00 24.00  0.00 20.00  0.00 22.00  0.00 20.15064 
4  18.00  0.00 21.00  0.00 19.00  0.00 20.00  0.00 160.33032 
4  19.00  0.00 46.00  0.00 28.00  0.00 37.00  0.00 9.79757 
4  19.00  0.00 43.00  0.00 27.00  0.00 35.00  0.00 14.58311 
4  19.00  0.00 40.00  0.00 26.00  0.00 33.00  0.00 19.91970 
4  19.00  0.00 37.00  0.00 25.00  0.00 31.00  0.00 11.92021 
4  19.00  0.00 34.00  0.00 24.00  0.00 29.00  0.00 9.91239 
4  19.00  0.00 31.00  0.00 23.00  0.00 27.00  0.00 18.55425 
4  19.00  0.00 28.00  0.00 22.00  0.00 25.00  0.00 22.63823 
4  19.00  0.00 25.00  0.00 21.00  0.00 23.00  0.00 16.85397 
4  19.00  0.00 22.00  0.00 20.00  0.00 21.00  0.00 122.14173 
4  20.00  0.00 47.00  0.00 29.00  0.00 38.00  0.00 8.41714 
4  20.00  0.00 44.00  0.00 28.00  0.00 36.00  0.00 13.57663 
4  20.00  0.00 41.00  0.00 27.00  0.00 34.00  0.00 15.77528 
4  20.00  0.00 38.00  0.00 26.00  0.00 32.00  0.00 12.11877 
4  20.00  0.00 35.00  0.00 25.00  0.00 30.00  0.00 10.04085 
4  20.00  0.00 32.00  0.00 24.00  0.00 28.00  0.00 21.75937 
4  20.00  0.00 29.00  0.00 23.00  0.00 26.00  0.00 29.89773 
4  20.00  0.00 26.00  0.00 22.00  0.00 24.00  0.00 26.38150 
4  20.00  0.00 23.00  0.00 21.00  0.00 22.00  0.00 89.23033 
4  21.00  0.00 45.00  0.00 29.00  0.00 37.00  0.00 11.68432 
4  21.00  0.00 42.00  0.00 28.00  0.00 35.00  0.00 15.18282 
4  21.00  0.00 39.00  0.00 27.00  0.00 33.00  0.00 12.81007 
4  21.00  0.00 36.00  0.00 26.00  0.00 31.00  0.00 13.19052 
4  21.00  0.00 33.00  0.00 25.00  0.00 29.00  0.00 14.23328 
4  21.00  0.00 30.00  0.00 24.00  0.00 27.00  0.00 60.26038 
4  21.00  0.00 27.00  0.00 23.00  0.00 25.00  0.00 92.89658 
4  21.00  0.00 24.00  0.00 22.00  0.00 23.00  0.00 86.67760 
4  22.00  0.00 46.00  0.00 30.00  0.00 38.00  0.00 9.29481 
4  22.00  0.00 43.00  0.00 29.00  0.00 36.00  0.00 15.99948 
4  22.00  0.00 40.00  0.00 28.00  0.00 34.00  0.00 16.64996 
4  22.00  0.00 37.00  0.00 27.00  0.00 32.00  0.00 12.98578 
4  22.00  0.00 34.00  0.00 26.00  0.00 30.00  0.00 10.97609 
4  22.00  0.00 31.00  0.00 25.00  0.00 28.00  0.00 47.85380 
4  22.00  0.00 28.00  0.00 24.00  0.00 26.00  0.00 73.76930 
4  22.00  0.00 25.00  0.00 23.00  0.00 24.00  0.00 86.83781 
4  23.00  0.00 47.00  0.00 31.00  0.00 39.00  0.00 7.05979 
4  23.00  0.00 44.00  0.00 30.00  0.00 37.00  0.00 14.94525 
4  23.00  0.00 41.00  0.00 29.00  0.00 35.00  0.00 18.31887 
4  23.00  0.00 38.00  0.00 28.00  0.00 33.00  0.00 12.87565 
4  23.00  0.00 35.00  0.00 27.00  0.00 31.00  0.00 14.75144 
4  23.00  0.00 32.00  0.00 26.00  0.00 29.00  0.00 33.53743 
4  23.00  0.00 29.00  0.00 25.00  0.00 27.00  0.00 105.97947 
4  23.00  0.00 26.00  0.00 24.00  0.00 25.00  0.00 428.86190 
4  24.00  0.00 45.00  0.00 31.00  0.00 38.00  0.00 10.03545 
4  24.00  0.00 42.00  0.00 30.00  0.00 36.00  0.00 19.74366 
4  24.00  0.00 39.00  0.00 29.00  0.00 34.00  0.00 19.52379 
4  24.00  0.00 36.00  0.00 28.00  0.00 32.00  0.00 13.85790 
4  24.00  0.00 33.00  0.00 27.00  0.00 30.00  0.00 20.63703 
4  24.00  0.00 30.00  0.00 26.00  0.00 28.00  0.00 212.90378 
4  24.00  0.00 27.00  0.00 25.00  0.00 26.00  0.00 459.86855 
4  25.00  0.00 46.00  0.00 32.00  0.00 39.00  0.00 8.15178 
4  25.00  0.00 43.00  0.00 31.00  0.00 37.00  0.00 17.83891 
4  25.00  0.00 40.00  0.00 30.00  0.00 35.00  0.00 25.58935 
4  25.00  0.00 37.00  0.00 29.00  0.00 33.00  0.00 19.18458 
4  25.00  0.00 34.00  0.00 28.00  0.00 31.00  0.00 27.55296 
4  25.00  0.00 31.00  0.00 27.00  0.00 29.00  0.00 154.23342 
4  25.00  0.00 28.00  0.00 26.00  0.00 27.00  0.00 683.54534 
4  26.00  0.00 47.00  0.00 33.00  0.00 40.00  0.00 7.72287 
4  26.00  0.00 44.00  0.00 32.00  0.00 38.00  0.00 14.63661 
4  26.00  0.00 41.00  0.00 31.00  0.00 36.00  0.00 28.39716 
4  26.00  0.00 38.00  0.00 30.00  0.00 34.00  0.00 36.75664 
4  26.00  0.00 35.00  0.00 29.00  0.00 32.00  0.00 35.71938 
4  26.00  0.00 32.00  0.00 28.00  0.00 30.00  0.00 98.75551 
4  26.00  0.00 29.00  0.00 27.00  0.00 28.00  0.00 796.73389 
4  27.00  0.00 45.00  0.00 33.00  0.00 39.00  0.00 11.48294 
4  27.00  0.00 42.00  0.00 32.00  0.00 37.00  0.00 26.89735 
4  27.00  0.00 39.00  0.00 31.00  0.00 35.00  0.00 38.16605 
4  27.00  0.00 36.00  0.00 30.00  0.00 33.00  0.00 69.20423 
4  27.00  0.00 33.00  0.00 29.00  0.00 31.00  0.00 132.48368 
4  27.00  0.00 30.00  0.00 28.00  0.00 29.00  0.00 625.55829 
4  28.00  0.00 46.00  0.00 34.00  0.00 40.00  0.00 9.11727 
4  28.00  0.00 43.00  0.00 33.00  0.00 38.00  0.00 22.28246 
4  28.00  0.00 40.00  0.00 32.00  0.00 36.00  0.00 52.56824 
4  28.00  0.00 37.00  0.00 31.00  0.00 34.00  0.00 70.76172 
4  28.00  0.00 34.00  0.00 30.00  0.00 32.00  0.00 214.14374 
4  28.00  0.00 31.00  0.00 29.00  0.00 30.00  0.00 365.78252 
4  29.00  0.00 47.00  0.00 35.00  0.00 41.00  0.00 8.85668 
4  29.00  0.00 44.00  0.00 34.00  0.00 39.00  0.00 16.40529 
4  29.00  0.00 41.00  0.00 33.00  0.00 37.00  0.00 45.48617 
4  29.00  0.00 38.00  0.00 32.00  0.00 35.00  0.00 67.27374 
4  29.00  0.00 35.00  0.00 31.00  0.00 33.00  0.00 92.85745 
4  29.00  0.00 32.00  0.00 30.00  0.00 31.00  0.00 632.52348 
4  30.00  0.00 45.00  0.00 35.00  0.00 40.00  0.00 13.84458 
4  30.00  0.00 42.00  0.00 34.00  0.00 38.00  0.00 27.96552 
4  30.00  0.00 39.00  0.00 33.00  0.00 36.00  0.00 79.57907 
4  30.00  0.00 36.00  0.00 32.00  0.00 34.00  0.00 109.32487 
4  30.00  0.00 33.00  0.00 31.00  0.00 32.00  0.00 214.95130 
4  31.00  0.00 46.00  0.00 36.00  0.00 41.00  0.00 12.23572 
4  31.00  0.00 43.00  0.00 35.00  0.00 39.00  0.00 26.34669 
4  31.00  0.00 40.00  0.00 34.00  0.00 37.00  0.00 73.59277 
4  31.00  0.00 37.00  0.00 33.00  0.00 35.00  0.00 111.50975 
4  31.00  0.00 34.00  0.00 32.00  0.00 33.00  0.00 253.48344 
4  32.00  0.00 47.00  0.00 37.00  0.00 42.00  0.00 11.06192 
4  32.00  0.00 44.00  0.00 36.00  0.00 40.00  0.00 25.55866 
4  32.00  0.00 41.00  0.00 35.00  0.00 38.00  0.00 56.33915 
4  32.00  0.00 38.00  0.00 34.00  0.00 36.00  0.00 160.22613 
4  32.00  0.00 35.00  0.00 33.00  0.00 34.00  0.00 301.78415 
4  33.00  0.00 45.00  0.00 37.00  0.00 41.00  0.00 27.03189 
4  33.00  0.00 42.00  0.00 36.00  0.00 39.00  0.00 40.75639 
4  33.00  0.00 39.00  0.00 35.00  0.00 37.00  0.00 151.65592 
4  33.00  0.00 36.00  0.00 34.00  0.00 35.00  0.00 446.16618 
4  34.00  0.00 46.00  0.00 38.00  0.00 42.00  0.00 25.94503 
4  34.00  0.00 43.00  0.00 37.00  0.00 40.00  0.00 57.76253 
4  34.00  0.00 40.00  0.00 36.00  0.00 38.00  0.00 129.47072 
4  34.00  0.00 37.00  0.00 35.00  0.00 36.00  0.00 533.28582 
4  35.00  0.00 47.00  0.00 39.00  0.00 43.00  0.00 27.27252 
4  35.00  0.00 44.00  0.00 38.00  0.00 41.00  0.00 96.55371 
4  35.00  0.00 41.00  0.00 37.00  0.00 39.00  0.00 126.25625 
4  35.00  0.00 38.00  0.00 36.00  0.00 37.00  0.00 748.25709 
4  36.00  0.00 45.00  0.00 39.00  0.00 42.00  0.00 110.63513 
4  36.00  0.00 42.00  0.00 38.00  0.00 40.00  0.00 200.44780 
4  36.00  0.00 39.00  0.00 37.00  0.00 38.00  0.00 442.49463 
4  37.00  0.00 46.00  0.00 40.00  0.00 43.00  0.00 79.64357 
4  37.00  0.00 43.00  0.00 39.00  0.00 41.00  0.00 279.46290 
4  37.00  0.00 40.00  0.00 38.00  0.00 39.00  0.00 518.07322 
4  38.00  0.00 47.00  0.00 41.00  0.00 44.00  0.00 59.43085 
4  38.00  0.00 44.00  0.00 40.00  0.00 42.00  0.00 287.47067 
4  38.00  0.00 41.00  0.00 39.00  0.00 40.00  0.00 433.48752 
4  39.00  0.00 45.00  0.00 41.00  0.00 43.00  0.00 207.59806 
4  39.00  0.00 42.00  0.00 40.00  0.00 41.00  0.00 570.04104 
4  40.00  0.00 46.00  0.00 42.00  0.00 44.00  0.00 109.08265 
4  40.00  0.00 43.00  0.00 41.00  0.00 42.00  0.00 696.07462 
4  41.00  0.00 47.00  0.00 43.00  0.00 45.00  0.00 174.23966 
4  41.00  0.00 44.00  0.00 42.00  0.00 43.00  0.00 807.71448 
4  42.00  0.00 45.00  0.00 43.00  0.00 44.00  0.00 742.12101 
4  43.00  0.00 46.00  0.00 44.00  0.00 45.00  0.00 646.83713 
4  44.00  0.00 47.00  0.00 45.00  0.00 46.00  0.00 469.67827 
4  12.00  0.00 24.00  0.00 0.00  0.00 36.00  0.00 4.50877 
4  11.00  0.00 22.00  0.00 0.00  0.00 33.00  0.00 4.26314 
4  10.00  0.00 20.00  0.00 0.00  0.00 30.00  0.00 4.97028 
4  9.00  0.00 18.00  0.00 0.00  0.00 27.00  0.00 5.95405 
4  8.00  0.00 16.00  0.00 0.00  0.00 24.00  0.00 6.75773 
4  7.00  0.00 14.00  0.00 0.00  0.00 21.00  0.00 8.86314 
4  6.00  0.00 12.00  0.00 0.00  0.00 18.00  0.00 14.88774 
4  5.00  0.00 10.00  0.00 0.00  0.00 15.00  0.00 44.32307 
4  4.00  0.00 8.00  0.00 0.00  0.00 12.00  0.00 62.98459 
4  3.00  0.00 6.00  0.00 0.00  0.00 9.00  0.00 18.01536 
4  2.00  0.00 4.00  0.00 0.00  0.00 6.00  0.00 227.30847 
4  1.00  0.00 2.00  0.00 0.00  0.00 3.00  0.00 1517.79643 
4  13.00  0.00 25.00  0.00 1.00  0.00 37.00  0.00 12.92774 
4  12.00  0.00 23.00  0.00 1.00  0.00 34.00  0.00 0.22627 
4  11.00  0.00 21.00  0.00 1.00  0.00 31.00  0.00 -0.02021 
4  10.00  0.00 19.00  0.00 1.00  0.00 28.00  0.00 -17.02889 
4  9.00  0.00 17.00  0.00 1.00  0.00 25.00  0.00 -32.03229 
4  8.00  0.00 15.00  0.00 1.00  0.00 22.00  0.00 -2.76858 
4  7.00  0.00 13.00  0.00 1.00  0.00 19.00  0.00 -3.67258 
4  6.00  0.00 11.00  0.00 1.00  0.00 16.00  0.00 12.75872 
4  5.00  0.00 9.00  0.00 1.00  0.00 13.00  0.00 51.89035 
4  4.00  0.00 7.00  0.00 1.00  0.00 10.00  0.00 164.22484 
4  3.00  0.00 5.00  0.00 1.00  0.00 7.00  0.00 56.10285 
4  2.00  0.00 3.00  0.00 1.00  0.00 4.00  0.00 576367.91487 
4  14.00  0.00 26.00  0.00 2.00  0.00 38.00  0.00 13.53749 
4  13.00  0.00 24.00  0.00 2.00  0.00 35.00  0.00 9.83146 
4  12.00  0.00 22.00  0.00 2.00  0.00 32.00  0.00 1.00117 
4  11.00  0.00 20.00  0.00 2.00  0.00 29.00  0.00 2.44170 
4  10.00  0.00 18.00  0.00 2.00  0.00 26.00  0.00 -7.99613 
4  9.00  0.00 16.00  0.00 2.00  0.00 23.00  0.00 -0.15462 
4  8.00  0.00 14.00  0.00 2.00  0.00 20.00  0.00 -2.98736 
4  7.00  0.00 12.00  0.00 2.00  0.00 17.00  0.00 6.69535 
4  6.00  0.00 10.00  0.00 2.00  0.00 14.00  0.00 14.89104 
4  5.00  0.00 8.00  0.00 2.00  0.00 11.00  0.00 71.46152 
4  4.00  0.00 6.00  0.00 2.00  0.00 8.00  0.00 443.74648 
4  3.00  0.00 4.00  0.00 2.00  0.00 5.00  0.00 894.09475 
4  15.00  0.00 27.00  0.00 3.00  0.00 39.00  0.00 4.21075 
4  14.00  0.00 25.00  0.00 3.00  0.00 36.00  0.00 3.81188 
4  13.00  0.00 23.00  0.00 3.00  0.00 33.00  0.00 3.68780 
4  12.00  0.00 21.00  0.00 3.00  0.00 30.00  0.00 4.10876 
4  11.00  0.00 19.00  0.00 3.00  0.00 27.00  0.00 4.23516 
4  10.00  0.00 17.00  0.00 3.00  0.00 24.00  0.00 4.74675 
4  9.00  0.00 15.00  0.00 3.00  0.00 21.00  0.00 5.28415 
4  8.00  0.00 13.00  0.00 3.00  0.00 18.00  0.00 7.56648 
4  7.00  0.00 11.00  0.00 3.00  0.00 15.00  0.00 16.76761 
4  6.00  0.00 9.00  0.00 3.00  0.00 12.00  0.00 13.12767 
4  5.00  0.00 7.00  0.00 3.00  0.00 9.00  0.00 54.53229 
4  4.00  0.00 5.00  0.00 3.00  0.00 6.00  0.00 358.46335 
4  16.00  0.00 28.00  0.00 4.00  0.00 40.00  0.00 5.40645 
4  15.00  0.00 26.00  0.00 4.00  0.00 37.00  0.00 3.99911 
4  14.00  0.00 24.00  0.00 4.00  0.00 34.00  0.00 3.51871 
4  13.00  0.00 22.00  0.00 4.00  0.00 31.00  0.00 3.59223 
4  12.00  0.00 20.00  0.00 4.00  0.00 28.00  0.00 4.11319 
4  11.00  0.00 18.00  0.00 4.00  0.00 25.00  0.00 4.44060 
4  10.00  0.00 16.00  0.00 4.00  0.00 22.00  0.00 5.12295 
4  9.00  0.00 14.00  0.00 4.00  0.00 19.00  0.00 6.53350 
4  8.00  0.00 12.00  0.00 4.00  0.00 16.00  0.00 15.94479 
4  7.00  0.00 10.00  0.00 4.00  0.00 13.00  0.00 14.49118 
4  6.00  0.00 8.00  0.00 4.00  0.00 10.00  0.00 17.84376 
4  5.00  0.00 6.00  0.00 4.00  0.00 7.00  0.00 327.44124 
4  17.00  0.00 29.00  0.00 5.00  0.00 41.00  0.00 5.94778 
4  16.00  0.00 27.00  0.00 5.00  0.00 38.00  0.00 4.44349 
4  15.00  0.00 25.00  0.00 5.00  0.00 35.00  0.00 3.96540 
4  14.00  0.00 23.00  0.00 5.00  0.00 32.00  0.00 3.63216 
4  13.00  0.00 21.00  0.00 5.00  0.00 29.00  0.00 3.87227 
4  12.00  0.00 19.00  0.00 5.00  0.00 26.00  0.00 4.50467 
4  11.00  0.00 17.00  0.00 5.00  0.00 23.00  0.00 5.03806 
4  10.00  0.00 15.00  0.00 5.00  0.00 20.00  0.00 5.73260 
4  9.00  0.00 13.00  0.00 5.00  0.00 17.00  0.00 16.03623 
4  8.00  0.00 11.00  0.00 5.00  0.00 14.00  0.00 25.04733 
4  7.00  0.00 9.00  0.00 5.00  0.00 11.00  0.00 14.85677 
4  6.00  0.00 7.00  0.00 5.00  0.00 8.00  0.00 72.23345 
4  18.00  0.00 30.00  0.00 6.00  0.00 42.00  0.00 6.58035 
4  17.00  0.00 28.00  0.00 6.00  0.00 39.00  0.00 5.39097 
4  16.00  0.00 26.00  0.00 6.00  0.00 36.00  0.00 4.13811 
4  15.00  0.00 24.00  0.00 6.00  0.00 33.00  0.00 3.80814 
4  14.00  0.00 22.00  0.00 6.00  0.00 30.00  0.00 3.87052 
4  13.00  0.00 20.00  0.00 6.00  0.00 27.00  0.00 4.19330 
4  12.00  0.00 18.00  0.00 6.00  0.00 24.00  0.00 5.11492 
4  11.00  0.00 16.00  0.00 6.00  0.00 21.00  0.00 5.81085 
4  10.00  0.00 14.00  0.00 6.00  0.00 18.00  0.00 9.73072 
4  9.00  0.00 12.00  0.00 6.00  0.00 15.00  0.00 42.57034 
4  8.00  0.00 10.00  0.00 6.00  0.00 12.00  0.00 24.00980 
4  7.00  0.00 8.00  0.00 6.00  0.00 9.00  0.00 49.86889 
4  19.00  0.00 31.00  0.00 7.00  0.00 43.00  0.00 8.64221 
4  18.00  0.00 29.00  0.00 7.00  0.00 40.00  0.00 6.18645 
4  17.00  0.00 27.00  0.00 7.00  0.00 37.00  0.00 4.54343 
4  16.00  0.00 25.00  0.00 7.00  0.00 34.00  0.00 3.94980 
4  15.00  0.00 23.00  0.00 7.00  0.00 31.00  0.00 3.89380 
4  14.00  0.00 21.00  0.00 7.00  0.00 28.00  0.00 3.95870 
4  13.00  0.00 19.00  0.00 7.00  0.00 25.00  0.00 4.64803 
4  12.00  0.00 17.00  0.00 7.00  0.00 22.00  0.00 6.73918 
4  11.00  0.00 15.00  0.00 7.00  0.00 19.00  0.00 7.45909 
4  10.00  0.00 13.00  0.00 7.00  0.00 16.00  0.00 122.56186 
4  9.00  0.00 11.00  0.00 7.00  0.00 13.00  0.00 43.61854 
4  8.00  0.00 9.00  0.00 7.00  0.00 10.00  0.00 47.32838 
4  20.00  0.00 32.00  0.00 8.00  0.00 44.00  0.00 9.05876 
4  19.00  0.00 30.00  0.00 8.00  0.00 41.00  0.00 6.95441 
4  18.00  0.00 28.00  0.00 8.00  0.00 38.00  0.00 5.74931 
4  17.00  0.00 26.00  0.00 8.00  0.00 35.00  0.00 4.23552 
4  16.00  0.00 24.00  0.00 8.00  0.00 32.00  0.00 3.99296 
4  15.00  0.00 22.00  0.00 8.00  0.00 29.00  0.00 4.25526 
4  14.00  0.00 20.00  0.00 8.00  0.00 26.00  0.00 4.69663 
4  13.00  0.00 18.00  0.00 8.00  0.00 23.00  0.00 6.14547 
4  12.00  0.00 16.00  0.00 8.00  0.00 20.00  0.00 8.35861 
4  11.00  0.00 14.00  0.00 8.00  0.00 17.00  0.00 31.19718 
4  10.00  0.00 12.00  0.00 8.00  0.00 14.00  0.00 77.58956 
4  9.00  0.00 10.00  0.00 8.00  0.00 11.00  0.00 58.53573 
4  21.00  0.00 33.00  0.00 9.00  0.00 45.00  0.00 9.18965 
4  20.00  0.00 31.00  0.00 9.00  0.00 42.00  0.00 9.14690 
4  19.00  0.00 29.00  0.00 9.00  0.00 39.00  0.00 6.30032 
4  18.00  0.00 27.00  0.00 9.00  0.00 36.00  0.00 4.98917 
4  17.00  0.00 25.00  0.00 9.00  0.00 33.00  0.00 4.21271 
4  16.00  0.00 23.00  0.00 9.00  0.00 30.00  0.00 4.50022 
4  15.00  0.00 21.00  0.00 9.00  0.00 27.00  0.00 5.07126 
4  14.00  0.00 19.00  0.00 9.00  0.00 24.00  0.00 6.02055 
4  13.00  0.00 17.00  0.00 9.00  0.00 21.00  0.00 9.31913 
4  12.00  0.00 15.00  0.00 9.00  0.00 18.00  0.00 15.82513 
4  11.00  0.00 13.00  0.00 9.00  0.00 15.00  0.00 481.08407 
4  10.00  0.00 11.00  0.00 9.00  0.00 12.00  0.00 92.96280 
4  22.00  0.00 34.00  0.00 10.00  0.00 46.00  0.00 9.46156 
4  21.00  0.00 32.00  0.00 10.00  0.00 43.00  0.00 9.89045 
4  20.00  0.00 30.00  0.00 10.00  0.00 40.00  0.00 7.26222 
4  19.00  0.00 28.00  0.00 10.00  0.00 37.00  0.00 6.37476 
4  18.00  0.00 26.00  0.00 10.00  0.00 34.00  0.00 4.54653 
4  17.00  0.00 24.00  0.00 10.00  0.00 31.00  0.00 4.19420 
4  16.00  0.00 22.00  0.00 10.00  0.00 28.00  0.00 4.94594 
4  15.00  0.00 20.00  0.00 10.00  0.00 25.00  0.00 7.24296 
4  14.00  0.00 18.00  0.00 10.00  0.00 22.00  0.00 11.04936 
4  13.00  0.00 16.00  0.00 10.00  0.00 19.00  0.00 16.38335 
4  12.00  0.00 14.00  0.00 10.00  0.00 16.00  0.00 316.63442 
4  11.00  0.00 12.00  0.00 10.00  0.00 13.00  0.00 175.70549 
4  23.00  0.00 35.00  0.00 11.00  0.00 47.00  0.00 9.02963 
4  22.00  0.00 33.00  0.00 11.00  0.00 44.00  0.00 10.36491 
4  21.00  0.00 31.00  0.00 11.00  0.00 41.00  0.00 9.73598 
4  20.00  0.00 29.00  0.00 11.00  0.00 38.00  0.00 6.90905 
4  19.00  0.00 27.00  0.00 11.00  0.00 35.00  0.00 5.58095 
4  18.00  0.00 25.00  0.00 11.00  0.00 32.00  0.00 4.87703 
4  17.00  0.00 23.00  0.00 11.00  0.00 29.00  0.00 4.88610 
4  16.00  0.00 21.00  0.00 11.00  0.00 26.00  0.00 7.96916 
4  15.00  0.00 19.00  0.00 11.00  0.00 23.00  0.00 16.29419 
4  14.00  0.00 17.00  0.00 11.00  0.00 20.00  0.00 28.20847 
4  13.00  0.00 15.00  0.00 11.00  0.00 17.00  0.00 69.35094 
4  12.00  0.00 13.00  0.00 11.00  0.00 14.00  0.00 1136.35980 
4  23.00  0.00 34.00  0.00 12.00  0.00 45.00  0.00 10.53150 
4  22.00  0.00 32.00  0.00 12.00  0.00 42.00  0.00 10.32286 
4  21.00  0.00 30.00  0.00 12.00  0.00 39.00  0.00 7.36018 
4  20.00  0.00 28.00  0.00 12.00  0.00 36.00  0.00 7.11267 
4  19.00  0.00 26.00  0.00 12.00  0.00 33.00  0.00 5.29085 
4  18.00  0.00 24.00  0.00 12.00  0.00 30.00  0.00 5.12894 
4  17.00  0.00 22.00  0.00 12.00  0.00 27.00  0.00 5.62111 
4  16.00  0.00 20.00  0.00 12.00  0.00 24.00  0.00 15.77057 
4  15.00  0.00 18.00  0.00 12.00  0.00 21.00  0.00 46.64761 
4  14.00  0.00 16.00  0.00 12.00  0.00 18.00  0.00 87.29130 
4  13.00  0.00 14.00  0.00 12.00  0.00 15.00  0.00 1258.42995 
4  24.00  0.00 35.00  0.00 13.00  0.00 46.00  0.00 9.91540 
4  23.00  0.00 33.00  0.00 13.00  0.00 43.00  0.00 11.18206 
4  22.00  0.00 31.00  0.00 13.00  0.00 40.00  0.00 10.26601 
4  21.00  0.00 29.00  0.00 13.00  0.00 37.00  0.00 7.79256 
4  20.00  0.00 27.00  0.00 13.00  0.00 34.00  0.00 6.38036 
4  19.00  0.00 25.00  0.00 13.00  0.00 31.00  0.00 6.45332 
4  18.00  0.00 23.00  0.00 13.00  0.00 28.00  0.00 6.77144 
4  17.00  0.00 21.00  0.00 13.00  0.00 25.00  0.00 15.45560 
4  16.00  0.00 19.00  0.00 13.00  0.00 22.00  0.00 124.77577 
4  15.00  0.00 17.00  0.00 13.00  0.00 19.00  0.00 497.97837 
4  14.00  0.00 15.00  0.00 13.00  0.00 16.00  0.00 1124.36850 
4  25.00  0.00 36.00  0.00 14.00  0.00 47.00  0.00 9.32432 
4  24.00  0.00 34.00  0.00 14.00  0.00 44.00  0.00 12.34249 
4  23.00  0.00 32.00  0.00 14.00  0.00 41.00  0.00 11.03447 
4  22.00  0.00 30.00  0.00 14.00  0.00 38.00  0.00 8.26987 
4  21.00  0.00 28.00  0.00 14.00  0.00 35.00  0.00 8.31949 
4  20.00  0.00 26.00  0.00 14.00  0.00 32.00  0.00 7.21262 
4  19.00  0.00 24.00  0.00 14.00  0.00 29.00  0.00 7.04120 
4  18.00  0.00 22.00  0.00 14.00  0.00 26.00  0.00 9.25325 
4  17.00  0.00 20.00  0.00 14.00  0.00 23.00  0.00 31.07189 
4  16.00  0.00 18.00  0.00 14.00  0.00 20.00  0.00 323.27904 
4  15.00  0.00 16.00  0.00 14.00  0.00 17.00  0.00 1474.97183 
4  25.00  0.00 35.00  0.00 15.00  0.00 45.00  0.00 11.28748 
4  24.00  0.00 33.00  0.00 15.00  0.00 42.00  0.00 11.76002 
4  23.00  0.00 31.00  0.00 15.00  0.00 39.00  0.00 10.27489 
4  22.00  0.00 29.00  0.00 15.00  0.00 36.00  0.00 8.67851 
4  21.00  0.00 27.00  0.00 15.00  0.00 33.00  0.00 7.80478 
4  20.00  0.00 25.00  0.00 15.00  0.00 30.00  0.00 9.67301 
4  19.00  0.00 23.00  0.00 15.00  0.00 27.00  0.00 7.91572 
4  18.00  0.00 21.00  0.00 15.00  0.00 24.00  0.00 12.57821 
4  17.00  0.00 19.00  0.00 15.00  0.00 21.00  0.00 58.22299 
4  16.00  0.00 17.00  0.00 15.00  0.00 18.00  0.00 906.10101 
4  26.00  0.00 36.00  0.00 16.00  0.00 46.00  0.00 10.15605 
4  25.00  0.00 34.00  0.00 16.00  0.00 43.00  0.00 13.46407 
4  24.00  0.00 32.00  0.00 16.00  0.00 40.00  0.00 11.42354 
4  23.00  0.00 30.00  0.00 16.00  0.00 37.00  0.00 8.77691 
4  22.00  0.00 28.00  0.00 16.00  0.00 34.00  0.00 9.09820 
4  21.00  0.00 26.00  0.00 16.00  0.00 31.00  0.00 9.65573 
4  20.00  0.00 24.00  0.00 16.00  0.00 28.00  0.00 8.07640 
4  19.00  0.00 22.00  0.00 16.00  0.00 25.00  0.00 10.18449 
4  18.00  0.00 20.00  0.00 16.00  0.00 22.00  0.00 34.15047 
4  17.00  0.00 18.00  0.00 16.00  0.00 19.00  0.00 293.82463 
4  27.00  0.00 37.00  0.00 17.00  0.00 47.00  0.00 9.26823 
4  26.00  0.00 35.00  0.00 17.00  0.00 44.00  0.00 13.32248 
4  25.00  0.00 33.00  0.00 17.00  0.00 41.00  0.00 12.59652 
4  24.00  0.00 31.00  0.00 17.00  0.00 38.00  0.00 11.11330 
4  23.00  0.00 29.00  0.00 17.00  0.00 35.00  0.00 9.41907 
4  22.00  0.00 27.00  0.00 17.00  0.00 32.00  0.00 11.68043 
4  21.00  0.00 25.00  0.00 17.00  0.00 29.00  0.00 13.16212 
4  20.00  0.00 23.00  0.00 17.00  0.00 26.00  0.00 11.74972 
4  19.00  0.00 21.00  0.00 17.00  0.00 23.00  0.00 31.94417 
4  18.00  0.00 19.00  0.00 17.00  0.00 20.00  0.00 244.78551 
4  27.00  0.00 36.00  0.00 18.00  0.00 45.00  0.00 11.94765 
4  26.00  0.00 34.00  0.00 18.00  0.00 42.00  0.00 14.47358 
4  25.00  0.00 32.00  0.00 18.00  0.00 39.00  0.00 11.40980 
4  24.00  0.00 30.00  0.00 18.00  0.00 36.00  0.00 9.59410 
4  23.00  0.00 28.00  0.00 18.00  0.00 33.00  0.00 11.92169 
4  22.00  0.00 26.00  0.00 18.00  0.00 30.00  0.00 20.84231 
4  21.00  0.00 24.00  0.00 18.00  0.00 27.00  0.00 13.23515 
4  20.00  0.00 22.00  0.00 18.00  0.00 24.00  0.00 20.33085 
4  19.00  0.00 20.00  0.00 18.00  0.00 21.00  0.00 160.89543 
4  28.00  0.00 37.00  0.00 19.00  0.00 46.00  0.00 9.71448 
4  27.00  0.00 35.00  0.00 19.00  0.00 43.00  0.00 14.59754 
4  26.00  0.00 33.00  0.00 19.00  0.00 40.00  0.00 18.66106 
4  25.00  0.00 31.00  0.00 19.00  0.00 37.00  0.00 11.88728 
4  24.00  0.00 29.00  0.00 19.00  0.00 34.00  0.00 9.91338 
4  23.00  0.00 27.00  0.00 19.00  0.00 31.00  0.00 18.83117 
4  22.00  0.00 25.00  0.00 19.00  0.00 28.00  0.00 23.05695 
4  21.00  0.00 23.00  0.00 19.00  0.00 25.00  0.00 16.89404 
4  20.00  0.00 21.00  0.00 19.00  0.00 22.00  0.00 122.36469 
4  29.00  0.00 38.00  0.00 20.00  0.00 47.00  0.00 8.32781 
4  28.00  0.00 36.00  0.00 20.00  0.00 44.00  0.00 13.61870 
4  27.00  0.00 34.00  0.00 20.00  0.00 41.00  0.00 15.75556 
4  26.00  0.00 32.00  0.00 20.00  0.00 38.00  0.00 12.12965 
4  25.00  0.00 30.00  0.00 20.00  0.00 35.00  0.00 10.02154 
4  24.00  0.00 28.00  0.00 20.00  0.00 32.00  0.00 21.88294 
4  23.00  0.00 26.00  0.00 20.00  0.00 29.00  0.00 30.28509 
4  22.00  0.00 24.00  0.00 20.00  0.00 26.00  0.00 26.66877 
4  21.00  0.00 22.00  0.00 20.00  0.00 23.00  0.00 90.56889 
4  29.00  0.00 37.00  0.00 21.00  0.00 45.00  0.00 11.57251 
4  28.00  0.00 35.00  0.00 21.00  0.00 42.00  0.00 15.23754 
4  27.00  0.00 33.00  0.00 21.00  0.00 39.00  0.00 12.78036 
4  26.00  0.00 31.00  0.00 21.00  0.00 36.00  0.00 13.14584 
4  25.00  0.00 29.00  0.00 21.00  0.00 33.00  0.00 14.27574 
4  24.00  0.00 27.00  0.00 21.00  0.00 30.00  0.00 60.82776 
4  23.00  0.00 25.00  0.00 21.00  0.00 27.00  0.00 93.72414 
4  22.00  0.00 23.00  0.00 21.00  0.00 24.00  0.00 87.50635 
4  30.00  0.00 38.00  0.00 22.00  0.00 46.00  0.00 9.20115 
4  29.00  0.00 36.00  0.00 22.00  0.00 43.00  0.00 16.01908 
4  28.00  0.00 34.00  0.00 22.00  0.00 40.00  0.00 16.64700 
4  27.00  0.00 32.00  0.00 22.00  0.00 37.00  0.00 12.93739 
4  26.00  0.00 30.00  0.00 22.00  0.00 34.00  0.00 10.98449 
4  25.00  0.00 28.00  0.00 22.00  0.00 31.00  0.00 48.23381 
4  24.00  0.00 26.00  0.00 22.00  0.00 28.00  0.00 74.76853 
4  23.00  0.00 24.00  0.00 22.00  0.00 25.00  0.00 88.86748 
4  31.00  0.00 39.00  0.00 23.00  0.00 47.00  0.00 7.00875 
4  30.00  0.00 37.00  0.00 23.00  0.00 44.00  0.00 14.94197 
4  29.00  0.00 35.00  0.00 23.00  0.00 41.00  0.00 18.34470 
4  28.00  0.00 33.00  0.00 23.00  0.00 38.00  0.00 12.89166 
4  27.00  0.00 31.00  0.00 23.00  0.00 35.00  0.00 14.69253 
4  26.00  0.00 29.00  0.00 23.00  0.00 32.00  0.00 33.81443 
4  25.00  0.00 27.00  0.00 23.00  0.00 29.00  0.00 107.13102 
4  24.00  0.00 25.00  0.00 23.00  0.00 26.00  0.00 431.77395 
4  31.00  0.00 38.00  0.00 24.00  0.00 45.00  0.00 9.98999 
4  30.00  0.00 36.00  0.00 24.00  0.00 42.00  0.00 19.79994 
4  29.00  0.00 34.00  0.00 24.00  0.00 39.00  0.00 19.57863 
4  28.00  0.00 32.00  0.00 24.00  0.00 36.00  0.00 13.85515 
4  27.00  0.00 30.00  0.00 24.00  0.00 33.00  0.00 20.90574 
4  26.00  0.00 28.00  0.00 24.00  0.00 30.00  0.00 212.13753 
4  25.00  0.00 26.00  0.00 24.00  0.00 27.00  0.00 459.31585 
4  32.00  0.00 39.00  0.00 25.00  0.00 46.00  0.00 8.07385 
4  31.00  0.00 37.00  0.00 25.00  0.00 43.00  0.00 17.91821 
4  30.00  0.00 35.00  0.00 25.00  0.00 40.00  0.00 25.67695 
4  29.00  0.00 33.00  0.00 25.00  0.00 37.00  0.00 19.27453 
4  28.00  0.00 31.00  0.00 25.00  0.00 34.00  0.00 27.85134 
4  27.00  0.00 29.00  0.00 25.00  0.00 31.00  0.00 155.60833 
4  26.00  0.00 27.00  0.00 25.00  0.00 28.00  0.00 689.56774 
4  33.00  0.00 40.00  0.00 26.00  0.00 47.00  0.00 7.60730 
4  32.00  0.00 38.00  0.00 26.00  0.00 44.00  0.00 14.68255 
4  31.00  0.00 36.00  0.00 26.00  0.00 41.00  0.00 28.62993 
4  30.00  0.00 34.00  0.00 26.00  0.00 38.00  0.00 37.17886 
4  29.00  0.00 32.00  0.00 26.00  0.00 35.00  0.00 35.94223 
4  28.00  0.00 30.00  0.00 26.00  0.00 32.00  0.00 100.11170 
4  27.00  0.00 28.00  0.00 26.00  0.00 29.00  0.00 790.26685 
4  33.00  0.00 39.00  0.00 27.00  0.00 45.00  0.00 11.36225 
4  32.00  0.00 37.00  0.00 27.00  0.00 42.00  0.00 27.13312 
4  31.00  0.00 35.00  0.00 27.00  0.00 39.00  0.00 38.67989 
4  30.00  0.00 33.00  0.00 27.00  0.00 36.00  0.00 69.59208 
4  29.00  0.00 31.00  0.00 27.00  0.00 33.00  0.00 133.29290 
4  28.00  0.00 29.00  0.00 27.00  0.00 30.00  0.00 625.50278 
4  34.00  0.00 40.00  0.00 28.00  0.00 46.00  0.00 8.80818 
4  33.00  0.00 38.00  0.00 28.00  0.00 43.00  0.00 22.26469 
4  32.00  0.00 36.00  0.00 28.00  0.00 40.00  0.00 52.77095 
4  31.00  0.00 34.00  0.00 28.00  0.00 37.00  0.00 71.39593 
4  30.00  0.00 32.00  0.00 28.00  0.00 34.00  0.00 212.23541 
4  29.00  0.00 30.00  0.00 28.00  0.00 31.00  0.00 367.43436 
4  35.00  0.00 41.00  0.00 29.00  0.00 47.00  0.00 8.40567 
4  34.00  0.00 39.00  0.00 29.00  0.00 44.00  0.00 16.37862 
4  33.00  0.00 37.00  0.00 29.00  0.00 41.00  0.00 45.65598 
4  32.00  0.00 35.00  0.00 29.00  0.00 38.00  0.00 67.91554 
4  31.00  0.00 33.00  0.00 29.00  0.00 35.00  0.00 93.49680 
4  30.00  0.00 31.00  0.00 29.00  0.00 32.00  0.00 627.12123 
4  35.00  0.00 40.00  0.00 30.00  0.00 45.00  0.00 13.61064 
4  34.00  0.00 38.00  0.00 30.00  0.00 42.00  0.00 27.96943 
4  33.00  0.00 36.00  0.00 30.00  0.00 39.00  0.00 79.88964 
4  32.00  0.00 34.00  0.00 30.00  0.00 36.00  0.00 110.29484 
4  31.00  0.00 32.00  0.00 30.00  0.00 33.00  0.00 217.00504 
4  36.00  0.00 41.00  0.00 31.00  0.00 46.00  0.00 11.99209 
4  35.00  0.00 39.00  0.00 31.00  0.00 43.00  0.00 26.31846 
4  34.00  0.00 37.00  0.00 31.00  0.00 40.00  0.00 73.74264 
4  33.00  0.00 35.00  0.00 31.00  0.00 37.00  0.00 111.89156 
4  32.00  0.00 33.00  0.00 31.00  0.00 34.00  0.00 252.81525 
4  37.00  0.00 42.00  0.00 32.00  0.00 47.00  0.00 10.66686 
4  36.00  0.00 40.00  0.00 32.00  0.00 44.00  0.00 25.58471 
4  35.00  0.00 38.00  0.00 32.00  0.00 41.00  0.00 56.30399 
4  34.00  0.00 36.00  0.00 32.00  0.00 38.00  0.00 160.25617 
4  33.00  0.00 34.00  0.00 32.00  0.00 35.00  0.00 306.37502 
4  37.00  0.00 41.00  0.00 33.00  0.00 45.00  0.00 26.94430 
4  36.00  0.00 39.00  0.00 33.00  0.00 42.00  0.00 40.86149 
4  35.00  0.00 37.00  0.00 33.00  0.00 39.00  0.00 151.59922 
4  34.00  0.00 35.00  0.00 33.00  0.00 36.00  0.00 457.09199 
4  38.00  0.00 42.00  0.00 34.00  0.00 46.00  0.00 25.89389 
4  37.00  0.00 40.00  0.00 34.00  0.00 43.00  0.00 57.98447 
4  36.00  0.00 38.00  0.00 34.00  0.00 40.00  0.00 129.27718 
4  35.00  0.00 36.00  0.00 34.00  0.00 37.00  0.00 537.69680 
4  39.00  0.00 43.00  0.00 35.00  0.00 47.00  0.00 27.16982 
4  38.00  0.00 41.00  0.00 35.00  0.00 44.00  0.00 96.79289 
4  37.00  0.00 39.00  0.00 35.00  0.00 41.00  0.00 126.27897 
4  36.00  0.00 37.00  0.00 35.00  0.00 38.00  0.00 758.18917 
4  39.00  0.00 42.00  0.00 36.00  0.00 45.00  0.00 110.56638 
4  38.00  0.00 40.00  0.00 36.00  0.00 42.00  0.00 200.60651 
4  37.00  0.00 38.00  0.00 36.00  0.00 39.00  0.00 440.55426 
4  40.00  0.00 43.00  0.00 37.00  0.00 46.00  0.00 79.56310 
4  39.00  0.00 41.00  0.00 37.00  0.00 43.00  0.00 278.28745 
4  38.00  0.00 39.00  0.00 37.00  0.00 40.00  0.00 519.42454 
4  41.00  0.00 44.00  0.00 38.00  0.00 47.00  0.00 59.35599 
4  40.00  0.00 42.00  0.00 38.00  0.00 44.00  0.00 286.63532 
4  39.00  0.00 40.00  0.00 38.00  0.00 41.00  0.00 433.29201 
4  41.00  0.00 43.00  0.00 39.00  0.00 45.00  0.00 207.75876 
4  40.00  0.00 41.00  0.00 39.00  0.00 42.00  0.00 566.56870 
4  42.00  0.00 44.00  0.00 40.00  0.00 46.00  0.00 109.17961 
4  41.00  0.00 42.00  0.00 40.00  0.00 43.00  0.00 692.43191 
4  43.00  0.00 45.00  0.00 41.00  0.00 47.00  0.00 173.28840 
4  42.00  0.00 43.00  0.00 41.00  0.00 44.00  0.00 800.94499 
4  43.00  0.00 44.00  0.00 42.00  0.00 45.00  0.00 738.80267 
4  44.00  0.00 45.00  0.00 43.00  0.00 46.00  0.00 643.79152 
4  45.00  0.00 46.00  0.00 44.00  0.00 47.00  0.00 466.63094 
0
0
0
0
