Line12Wen64N5mridgealong.bin
         5.00
11
1
Type of measurement (0=app. resistivity,1=resistance)
1
320
 2
0
4  0.00  0.00 225.00  0.00 75.00  0.00 150.00  0.00 -0.33638 
4  0.00  0.00 195.00  0.00 65.00  0.00 130.00  0.00 0.15596 
4  0.00  0.00 165.00  0.00 55.00  0.00 110.00  0.00 0.62857 
4  0.00  0.00 135.00  0.00 45.00  0.00 90.00  0.00 1.75968 
4  0.00  0.00 105.00  0.00 35.00  0.00 70.00  0.00 6.55350 
4  0.00  0.00 75.00  0.00 25.00  0.00 50.00  0.00 10.50265 
4  0.00  0.00 45.00  0.00 15.00  0.00 30.00  0.00 31.98472 
4  0.00  0.00 15.00  0.00 5.00  0.00 10.00  0.00 108.87480 
4  5.00  0.00 230.00  0.00 80.00  0.00 155.00  0.00 0.27467 
4  5.00  0.00 200.00  0.00 70.00  0.00 135.00  0.00 -0.48737 
4  5.00  0.00 170.00  0.00 60.00  0.00 115.00  0.00 -0.10518 
4  5.00  0.00 140.00  0.00 50.00  0.00 95.00  0.00 1.57769 
4  5.00  0.00 110.00  0.00 40.00  0.00 75.00  0.00 4.63210 
4  5.00  0.00 80.00  0.00 30.00  0.00 55.00  0.00 10.71433 
4  5.00  0.00 50.00  0.00 20.00  0.00 35.00  0.00 33.93328 
4  5.00  0.00 20.00  0.00 10.00  0.00 15.00  0.00 140.06259 
4  10.00  0.00 235.00  0.00 85.00  0.00 160.00  0.00 0.26613 
4  10.00  0.00 205.00  0.00 75.00  0.00 140.00  0.00 -0.21607 
4  10.00  0.00 175.00  0.00 65.00  0.00 120.00  0.00 0.60901 
4  10.00  0.00 145.00  0.00 55.00  0.00 100.00  0.00 1.15410 
4  10.00  0.00 115.00  0.00 45.00  0.00 80.00  0.00 3.04036 
4  10.00  0.00 85.00  0.00 35.00  0.00 60.00  0.00 10.73510 
4  10.00  0.00 55.00  0.00 25.00  0.00 40.00  0.00 33.74800 
4  10.00  0.00 25.00  0.00 15.00  0.00 20.00  0.00 174.81754 
4  15.00  0.00 240.00  0.00 90.00  0.00 165.00  0.00 0.64040 
4  15.00  0.00 210.00  0.00 80.00  0.00 145.00  0.00 -0.22683 
4  15.00  0.00 180.00  0.00 70.00  0.00 125.00  0.00 0.69557 
4  15.00  0.00 150.00  0.00 60.00  0.00 105.00  0.00 1.17898 
4  15.00  0.00 120.00  0.00 50.00  0.00 85.00  0.00 2.65142 
4  15.00  0.00 90.00  0.00 40.00  0.00 65.00  0.00 10.06295 
4  15.00  0.00 60.00  0.00 30.00  0.00 45.00  0.00 31.43353 
4  15.00  0.00 30.00  0.00 20.00  0.00 25.00  0.00 215.48026 
4  20.00  0.00 245.00  0.00 95.00  0.00 170.00  0.00 1.01709 
4  20.00  0.00 215.00  0.00 85.00  0.00 150.00  0.00 0.01501 
4  20.00  0.00 185.00  0.00 75.00  0.00 130.00  0.00 -0.01242 
4  20.00  0.00 155.00  0.00 65.00  0.00 110.00  0.00 1.31326 
4  20.00  0.00 125.00  0.00 55.00  0.00 90.00  0.00 1.52748 
4  20.00  0.00 95.00  0.00 45.00  0.00 70.00  0.00 8.49888 
4  20.00  0.00 65.00  0.00 35.00  0.00 50.00  0.00 40.69217 
4  20.00  0.00 35.00  0.00 25.00  0.00 30.00  0.00 288.31242 
4  25.00  0.00 250.00  0.00 100.00  0.00 175.00  0.00 1.00246 
4  25.00  0.00 220.00  0.00 90.00  0.00 155.00  0.00 0.50998 
4  25.00  0.00 190.00  0.00 80.00  0.00 135.00  0.00 0.48988 
4  25.00  0.00 160.00  0.00 70.00  0.00 115.00  0.00 0.92395 
4  25.00  0.00 130.00  0.00 60.00  0.00 95.00  0.00 1.61679 
4  25.00  0.00 100.00  0.00 50.00  0.00 75.00  0.00 7.77229 
4  25.00  0.00 70.00  0.00 40.00  0.00 55.00  0.00 40.78359 
4  25.00  0.00 40.00  0.00 30.00  0.00 35.00  0.00 394.36346 
4  30.00  0.00 255.00  0.00 105.00  0.00 180.00  0.00 0.80749 
4  30.00  0.00 225.00  0.00 95.00  0.00 160.00  0.00 0.71292 
4  30.00  0.00 195.00  0.00 85.00  0.00 140.00  0.00 0.44682 
4  30.00  0.00 165.00  0.00 75.00  0.00 120.00  0.00 1.35603 
4  30.00  0.00 135.00  0.00 65.00  0.00 100.00  0.00 2.17266 
4  30.00  0.00 105.00  0.00 55.00  0.00 80.00  0.00 6.26916 
4  30.00  0.00 75.00  0.00 45.00  0.00 60.00  0.00 34.78871 
4  30.00  0.00 45.00  0.00 35.00  0.00 40.00  0.00 420.48398 
4  35.00  0.00 260.00  0.00 110.00  0.00 185.00  0.00 1.06630 
4  35.00  0.00 230.00  0.00 100.00  0.00 165.00  0.00 0.84070 
4  35.00  0.00 200.00  0.00 90.00  0.00 145.00  0.00 0.53638 
4  35.00  0.00 170.00  0.00 80.00  0.00 125.00  0.00 2.66904 
4  35.00  0.00 140.00  0.00 70.00  0.00 105.00  0.00 2.34367 
4  35.00  0.00 110.00  0.00 60.00  0.00 85.00  0.00 5.66258 
4  35.00  0.00 80.00  0.00 50.00  0.00 65.00  0.00 33.34178 
4  35.00  0.00 50.00  0.00 40.00  0.00 45.00  0.00 421.47120 
4  40.00  0.00 265.00  0.00 115.00  0.00 190.00  0.00 1.10577 
4  40.00  0.00 235.00  0.00 105.00  0.00 170.00  0.00 1.38861 
4  40.00  0.00 205.00  0.00 95.00  0.00 150.00  0.00 1.26921 
4  40.00  0.00 175.00  0.00 85.00  0.00 130.00  0.00 2.09792 
4  40.00  0.00 145.00  0.00 75.00  0.00 110.00  0.00 3.50108 
4  40.00  0.00 115.00  0.00 65.00  0.00 90.00  0.00 6.77206 
4  40.00  0.00 85.00  0.00 55.00  0.00 70.00  0.00 28.70597 
4  40.00  0.00 55.00  0.00 45.00  0.00 50.00  0.00 352.55033 
4  45.00  0.00 270.00  0.00 120.00  0.00 195.00  0.00 1.03910 
4  45.00  0.00 240.00  0.00 110.00  0.00 175.00  0.00 2.15382 
4  45.00  0.00 210.00  0.00 100.00  0.00 155.00  0.00 1.67815 
4  45.00  0.00 180.00  0.00 90.00  0.00 135.00  0.00 2.70763 
4  45.00  0.00 150.00  0.00 80.00  0.00 115.00  0.00 4.64296 
4  45.00  0.00 120.00  0.00 70.00  0.00 95.00  0.00 5.62534 
4  45.00  0.00 90.00  0.00 60.00  0.00 75.00  0.00 18.91520 
4  45.00  0.00 60.00  0.00 50.00  0.00 55.00  0.00 244.13613 
4  50.00  0.00 275.00  0.00 125.00  0.00 200.00  0.00 0.93884 
4  50.00  0.00 245.00  0.00 115.00  0.00 180.00  0.00 1.63909 
4  50.00  0.00 215.00  0.00 105.00  0.00 160.00  0.00 1.53256 
4  50.00  0.00 185.00  0.00 95.00  0.00 140.00  0.00 2.42328 
4  50.00  0.00 155.00  0.00 85.00  0.00 120.00  0.00 4.36825 
4  50.00  0.00 125.00  0.00 75.00  0.00 100.00  0.00 5.01096 
4  50.00  0.00 95.00  0.00 65.00  0.00 80.00  0.00 17.74614 
4  50.00  0.00 65.00  0.00 55.00  0.00 60.00  0.00 242.67794 
4  55.00  0.00 280.00  0.00 130.00  0.00 205.00  0.00 0.73721 
4  55.00  0.00 250.00  0.00 120.00  0.00 185.00  0.00 0.64048 
4  55.00  0.00 220.00  0.00 110.00  0.00 165.00  0.00 1.29329 
4  55.00  0.00 190.00  0.00 100.00  0.00 145.00  0.00 1.64892 
4  55.00  0.00 160.00  0.00 90.00  0.00 125.00  0.00 4.29367 
4  55.00  0.00 130.00  0.00 80.00  0.00 105.00  0.00 5.33351 
4  55.00  0.00 100.00  0.00 70.00  0.00 85.00  0.00 12.74879 
4  55.00  0.00 70.00  0.00 60.00  0.00 65.00  0.00 167.43524 
4  60.00  0.00 285.00  0.00 135.00  0.00 210.00  0.00 0.49613 
4  60.00  0.00 255.00  0.00 125.00  0.00 190.00  0.00 0.69245 
4  60.00  0.00 225.00  0.00 115.00  0.00 170.00  0.00 0.94598 
4  60.00  0.00 195.00  0.00 105.00  0.00 150.00  0.00 1.65947 
4  60.00  0.00 165.00  0.00 95.00  0.00 130.00  0.00 4.55720 
4  60.00  0.00 135.00  0.00 85.00  0.00 110.00  0.00 6.49476 
4  60.00  0.00 105.00  0.00 75.00  0.00 90.00  0.00 11.11509 
4  60.00  0.00 75.00  0.00 65.00  0.00 70.00  0.00 196.19520 
4  65.00  0.00 290.00  0.00 140.00  0.00 215.00  0.00 0.65267 
4  65.00  0.00 260.00  0.00 130.00  0.00 195.00  0.00 0.54299 
4  65.00  0.00 230.00  0.00 120.00  0.00 175.00  0.00 1.10157 
4  65.00  0.00 200.00  0.00 110.00  0.00 155.00  0.00 1.89187 
4  65.00  0.00 170.00  0.00 100.00  0.00 135.00  0.00 3.46594 
4  65.00  0.00 140.00  0.00 90.00  0.00 115.00  0.00 7.16720 
4  65.00  0.00 110.00  0.00 80.00  0.00 95.00  0.00 11.44346 
4  65.00  0.00 80.00  0.00 70.00  0.00 75.00  0.00 151.94459 
4  70.00  0.00 295.00  0.00 145.00  0.00 220.00  0.00 0.32875 
4  70.00  0.00 265.00  0.00 135.00  0.00 200.00  0.00 0.32683 
4  70.00  0.00 235.00  0.00 125.00  0.00 180.00  0.00 0.95556 
4  70.00  0.00 205.00  0.00 115.00  0.00 160.00  0.00 1.44983 
4  70.00  0.00 175.00  0.00 105.00  0.00 140.00  0.00 2.47285 
4  70.00  0.00 145.00  0.00 95.00  0.00 120.00  0.00 6.03386 
4  70.00  0.00 115.00  0.00 85.00  0.00 100.00  0.00 10.78413 
4  70.00  0.00 85.00  0.00 75.00  0.00 80.00  0.00 142.67372 
4  75.00  0.00 300.00  0.00 150.00  0.00 225.00  0.00 0.54026 
4  75.00  0.00 270.00  0.00 140.00  0.00 205.00  0.00 0.64717 
4  75.00  0.00 240.00  0.00 130.00  0.00 185.00  0.00 0.91640 
4  75.00  0.00 210.00  0.00 120.00  0.00 165.00  0.00 1.33635 
4  75.00  0.00 180.00  0.00 110.00  0.00 145.00  0.00 2.15771 
4  75.00  0.00 150.00  0.00 100.00  0.00 125.00  0.00 5.43411 
4  75.00  0.00 120.00  0.00 90.00  0.00 105.00  0.00 11.87920 
4  75.00  0.00 90.00  0.00 80.00  0.00 85.00  0.00 111.52869 
4  80.00  0.00 305.00  0.00 155.00  0.00 230.00  0.00 0.72805 
4  80.00  0.00 275.00  0.00 145.00  0.00 210.00  0.00 0.77249 
4  80.00  0.00 245.00  0.00 135.00  0.00 190.00  0.00 1.12518 
4  80.00  0.00 215.00  0.00 125.00  0.00 170.00  0.00 1.25938 
4  80.00  0.00 185.00  0.00 115.00  0.00 150.00  0.00 2.10448 
4  80.00  0.00 155.00  0.00 105.00  0.00 130.00  0.00 6.12485 
4  80.00  0.00 125.00  0.00 95.00  0.00 110.00  0.00 13.38966 
4  80.00  0.00 95.00  0.00 85.00  0.00 90.00  0.00 121.88519 
4  85.00  0.00 310.00  0.00 160.00  0.00 235.00  0.00 0.57198 
4  85.00  0.00 280.00  0.00 150.00  0.00 215.00  0.00 0.66610 
4  85.00  0.00 250.00  0.00 140.00  0.00 195.00  0.00 0.69402 
4  85.00  0.00 220.00  0.00 130.00  0.00 175.00  0.00 0.88926 
4  85.00  0.00 190.00  0.00 120.00  0.00 155.00  0.00 1.48824 
4  85.00  0.00 160.00  0.00 110.00  0.00 135.00  0.00 5.24600 
4  85.00  0.00 130.00  0.00 100.00  0.00 115.00  0.00 10.60209 
4  85.00  0.00 100.00  0.00 90.00  0.00 95.00  0.00 110.99311 
4  90.00  0.00 315.00  0.00 165.00  0.00 240.00  0.00 0.59832 
4  90.00  0.00 285.00  0.00 155.00  0.00 220.00  0.00 0.86762 
4  90.00  0.00 255.00  0.00 145.00  0.00 200.00  0.00 0.69831 
4  90.00  0.00 225.00  0.00 135.00  0.00 180.00  0.00 1.00699 
4  90.00  0.00 195.00  0.00 125.00  0.00 160.00  0.00 1.08933 
4  90.00  0.00 165.00  0.00 115.00  0.00 140.00  0.00 4.23290 
4  90.00  0.00 135.00  0.00 105.00  0.00 120.00  0.00 8.58938 
4  90.00  0.00 105.00  0.00 95.00  0.00 100.00  0.00 154.50209 
4  95.00  0.00 290.00  0.00 160.00  0.00 225.00  0.00 0.92962 
4  95.00  0.00 260.00  0.00 150.00  0.00 205.00  0.00 0.72642 
4  95.00  0.00 230.00  0.00 140.00  0.00 185.00  0.00 1.10586 
4  95.00  0.00 200.00  0.00 130.00  0.00 165.00  0.00 1.65542 
4  95.00  0.00 170.00  0.00 120.00  0.00 145.00  0.00 2.99065 
4  95.00  0.00 140.00  0.00 110.00  0.00 125.00  0.00 8.24997 
4  95.00  0.00 110.00  0.00 100.00  0.00 105.00  0.00 143.29740 
4  100.00  0.00 295.00  0.00 165.00  0.00 230.00  0.00 0.86769 
4  100.00  0.00 265.00  0.00 155.00  0.00 210.00  0.00 0.79769 
4  100.00  0.00 235.00  0.00 145.00  0.00 190.00  0.00 1.44837 
4  100.00  0.00 205.00  0.00 135.00  0.00 170.00  0.00 1.85193 
4  100.00  0.00 175.00  0.00 125.00  0.00 150.00  0.00 2.03264 
4  100.00  0.00 145.00  0.00 115.00  0.00 130.00  0.00 9.86518 
4  100.00  0.00 115.00  0.00 105.00  0.00 110.00  0.00 189.68845 
4  105.00  0.00 300.00  0.00 170.00  0.00 235.00  0.00 0.92153 
4  105.00  0.00 270.00  0.00 160.00  0.00 215.00  0.00 1.00438 
4  105.00  0.00 240.00  0.00 150.00  0.00 195.00  0.00 1.14150 
4  105.00  0.00 210.00  0.00 140.00  0.00 175.00  0.00 1.54099 
4  105.00  0.00 180.00  0.00 130.00  0.00 155.00  0.00 3.08063 
4  105.00  0.00 150.00  0.00 120.00  0.00 135.00  0.00 10.82635 
4  105.00  0.00 120.00  0.00 110.00  0.00 115.00  0.00 187.33651 
4  110.00  0.00 305.00  0.00 175.00  0.00 240.00  0.00 0.82702 
4  110.00  0.00 275.00  0.00 165.00  0.00 220.00  0.00 1.15496 
4  110.00  0.00 245.00  0.00 155.00  0.00 200.00  0.00 1.56409 
4  110.00  0.00 215.00  0.00 145.00  0.00 180.00  0.00 2.59259 
4  110.00  0.00 185.00  0.00 135.00  0.00 160.00  0.00 4.24694 
4  110.00  0.00 155.00  0.00 125.00  0.00 140.00  0.00 10.66526 
4  110.00  0.00 125.00  0.00 115.00  0.00 120.00  0.00 154.71264 
4  115.00  0.00 310.00  0.00 180.00  0.00 245.00  0.00 0.84173 
4  115.00  0.00 280.00  0.00 170.00  0.00 225.00  0.00 0.91134 
4  115.00  0.00 250.00  0.00 160.00  0.00 205.00  0.00 1.59701 
4  115.00  0.00 220.00  0.00 150.00  0.00 185.00  0.00 2.92312 
4  115.00  0.00 190.00  0.00 140.00  0.00 165.00  0.00 4.34919 
4  115.00  0.00 160.00  0.00 130.00  0.00 145.00  0.00 9.91342 
4  115.00  0.00 130.00  0.00 120.00  0.00 125.00  0.00 146.50121 
4  120.00  0.00 315.00  0.00 185.00  0.00 250.00  0.00 1.31491 
4  120.00  0.00 285.00  0.00 175.00  0.00 230.00  0.00 1.15671 
4  120.00  0.00 255.00  0.00 165.00  0.00 210.00  0.00 1.39085 
4  120.00  0.00 225.00  0.00 155.00  0.00 190.00  0.00 2.30235 
4  120.00  0.00 195.00  0.00 145.00  0.00 170.00  0.00 5.38936 
4  120.00  0.00 165.00  0.00 135.00  0.00 150.00  0.00 10.37578 
4  120.00  0.00 135.00  0.00 125.00  0.00 130.00  0.00 102.02353 
4  125.00  0.00 290.00  0.00 180.00  0.00 235.00  0.00 1.20556 
4  125.00  0.00 260.00  0.00 170.00  0.00 215.00  0.00 1.70038 
4  125.00  0.00 230.00  0.00 160.00  0.00 195.00  0.00 2.16100 
4  125.00  0.00 200.00  0.00 150.00  0.00 175.00  0.00 5.05464 
4  125.00  0.00 170.00  0.00 140.00  0.00 155.00  0.00 13.33117 
4  125.00  0.00 140.00  0.00 130.00  0.00 135.00  0.00 61.03723 
4  130.00  0.00 295.00  0.00 185.00  0.00 240.00  0.00 0.76349 
4  130.00  0.00 265.00  0.00 175.00  0.00 220.00  0.00 1.40501 
4  130.00  0.00 235.00  0.00 165.00  0.00 200.00  0.00 2.56833 
4  130.00  0.00 205.00  0.00 155.00  0.00 180.00  0.00 6.99135 
4  130.00  0.00 175.00  0.00 145.00  0.00 160.00  0.00 17.59433 
4  130.00  0.00 145.00  0.00 135.00  0.00 140.00  0.00 45.34978 
4  135.00  0.00 300.00  0.00 190.00  0.00 245.00  0.00 0.65863 
4  135.00  0.00 270.00  0.00 180.00  0.00 225.00  0.00 0.92666 
4  135.00  0.00 240.00  0.00 170.00  0.00 205.00  0.00 1.35718 
4  135.00  0.00 210.00  0.00 160.00  0.00 185.00  0.00 6.96152 
4  135.00  0.00 180.00  0.00 150.00  0.00 165.00  0.00 26.53335 
4  135.00  0.00 150.00  0.00 140.00  0.00 145.00  0.00 47.59269 
4  140.00  0.00 305.00  0.00 195.00  0.00 250.00  0.00 0.72309 
4  140.00  0.00 275.00  0.00 185.00  0.00 230.00  0.00 0.77774 
4  140.00  0.00 245.00  0.00 175.00  0.00 210.00  0.00 1.08086 
4  140.00  0.00 215.00  0.00 165.00  0.00 190.00  0.00 5.68253 
4  140.00  0.00 185.00  0.00 155.00  0.00 170.00  0.00 29.77986 
4  140.00  0.00 155.00  0.00 145.00  0.00 150.00  0.00 41.72817 
4  145.00  0.00 310.00  0.00 200.00  0.00 255.00  0.00 0.41445 
4  145.00  0.00 280.00  0.00 190.00  0.00 235.00  0.00 0.32544 
4  145.00  0.00 250.00  0.00 180.00  0.00 215.00  0.00 0.76384 
4  145.00  0.00 220.00  0.00 170.00  0.00 195.00  0.00 4.68914 
4  145.00  0.00 190.00  0.00 160.00  0.00 175.00  0.00 20.10874 
4  145.00  0.00 160.00  0.00 150.00  0.00 155.00  0.00 93.96806 
4  150.00  0.00 315.00  0.00 205.00  0.00 260.00  0.00 0.73465 
4  150.00  0.00 285.00  0.00 195.00  0.00 240.00  0.00 0.47297 
4  150.00  0.00 255.00  0.00 185.00  0.00 220.00  0.00 1.00743 
4  150.00  0.00 225.00  0.00 175.00  0.00 200.00  0.00 3.69994 
4  150.00  0.00 195.00  0.00 165.00  0.00 180.00  0.00 21.68443 
4  150.00  0.00 165.00  0.00 155.00  0.00 160.00  0.00 149.96041 
4  155.00  0.00 290.00  0.00 200.00  0.00 245.00  0.00 0.68834 
4  155.00  0.00 260.00  0.00 190.00  0.00 225.00  0.00 1.18649 
4  155.00  0.00 230.00  0.00 180.00  0.00 205.00  0.00 4.18930 
4  155.00  0.00 200.00  0.00 170.00  0.00 185.00  0.00 26.86694 
4  155.00  0.00 170.00  0.00 160.00  0.00 165.00  0.00 208.47951 
4  160.00  0.00 295.00  0.00 205.00  0.00 250.00  0.00 0.85058 
4  160.00  0.00 265.00  0.00 195.00  0.00 230.00  0.00 1.14652 
4  160.00  0.00 235.00  0.00 185.00  0.00 210.00  0.00 4.12632 
4  160.00  0.00 205.00  0.00 175.00  0.00 190.00  0.00 28.35972 
4  160.00  0.00 175.00  0.00 165.00  0.00 170.00  0.00 310.42279 
4  165.00  0.00 300.00  0.00 210.00  0.00 255.00  0.00 1.07371 
4  165.00  0.00 270.00  0.00 200.00  0.00 235.00  0.00 1.15518 
4  165.00  0.00 240.00  0.00 190.00  0.00 215.00  0.00 3.78501 
4  165.00  0.00 210.00  0.00 180.00  0.00 195.00  0.00 30.64478 
4  165.00  0.00 180.00  0.00 170.00  0.00 175.00  0.00 299.24918 
4  170.00  0.00 305.00  0.00 215.00  0.00 260.00  0.00 1.53016 
4  170.00  0.00 275.00  0.00 205.00  0.00 240.00  0.00 1.46192 
4  170.00  0.00 245.00  0.00 195.00  0.00 220.00  0.00 4.32335 
4  170.00  0.00 215.00  0.00 185.00  0.00 200.00  0.00 30.92536 
4  170.00  0.00 185.00  0.00 175.00  0.00 180.00  0.00 314.46585 
4  175.00  0.00 310.00  0.00 220.00  0.00 265.00  0.00 1.50687 
4  175.00  0.00 280.00  0.00 210.00  0.00 245.00  0.00 1.63855 
4  175.00  0.00 250.00  0.00 200.00  0.00 225.00  0.00 4.49751 
4  175.00  0.00 220.00  0.00 190.00  0.00 205.00  0.00 18.43294 
4  175.00  0.00 190.00  0.00 180.00  0.00 185.00  0.00 243.12569 
4  180.00  0.00 315.00  0.00 225.00  0.00 270.00  0.00 1.59991 
4  180.00  0.00 285.00  0.00 215.00  0.00 250.00  0.00 1.75669 
4  180.00  0.00 255.00  0.00 205.00  0.00 230.00  0.00 4.76658 
4  180.00  0.00 225.00  0.00 195.00  0.00 210.00  0.00 19.17296 
4  180.00  0.00 195.00  0.00 185.00  0.00 190.00  0.00 222.09797 
4  185.00  0.00 290.00  0.00 220.00  0.00 255.00  0.00 2.17314 
4  185.00  0.00 260.00  0.00 210.00  0.00 235.00  0.00 4.54416 
4  185.00  0.00 230.00  0.00 200.00  0.00 215.00  0.00 25.99077 
4  185.00  0.00 200.00  0.00 190.00  0.00 195.00  0.00 102.00855 
4  190.00  0.00 295.00  0.00 225.00  0.00 260.00  0.00 2.70195 
4  190.00  0.00 265.00  0.00 215.00  0.00 240.00  0.00 4.27245 
4  190.00  0.00 235.00  0.00 205.00  0.00 220.00  0.00 24.69600 
4  190.00  0.00 205.00  0.00 195.00  0.00 200.00  0.00 67.01578 
4  195.00  0.00 300.00  0.00 230.00  0.00 265.00  0.00 2.98837 
4  195.00  0.00 270.00  0.00 220.00  0.00 245.00  0.00 4.87210 
4  195.00  0.00 240.00  0.00 210.00  0.00 225.00  0.00 15.95931 
4  195.00  0.00 210.00  0.00 200.00  0.00 205.00  0.00 71.17621 
4  200.00  0.00 305.00  0.00 235.00  0.00 270.00  0.00 3.26829 
4  200.00  0.00 275.00  0.00 225.00  0.00 250.00  0.00 4.81832 
4  200.00  0.00 245.00  0.00 215.00  0.00 230.00  0.00 10.35777 
4  200.00  0.00 215.00  0.00 205.00  0.00 210.00  0.00 72.48798 
4  205.00  0.00 310.00  0.00 240.00  0.00 275.00  0.00 3.80619 
4  205.00  0.00 280.00  0.00 230.00  0.00 255.00  0.00 4.50078 
4  205.00  0.00 250.00  0.00 220.00  0.00 235.00  0.00 12.24221 
4  205.00  0.00 220.00  0.00 210.00  0.00 215.00  0.00 71.91204 
4  210.00  0.00 315.00  0.00 245.00  0.00 280.00  0.00 4.47134 
4  210.00  0.00 285.00  0.00 235.00  0.00 260.00  0.00 5.51621 
4  210.00  0.00 255.00  0.00 225.00  0.00 240.00  0.00 15.01030 
4  210.00  0.00 225.00  0.00 215.00  0.00 220.00  0.00 61.39029 
4  215.00  0.00 290.00  0.00 240.00  0.00 265.00  0.00 5.92556 
4  215.00  0.00 260.00  0.00 230.00  0.00 245.00  0.00 18.22327 
4  215.00  0.00 230.00  0.00 220.00  0.00 225.00  0.00 58.04152 
4  220.00  0.00 295.00  0.00 245.00  0.00 270.00  0.00 5.30747 
4  220.00  0.00 265.00  0.00 235.00  0.00 250.00  0.00 16.61747 
4  220.00  0.00 235.00  0.00 225.00  0.00 230.00  0.00 49.13178 
4  225.00  0.00 300.00  0.00 250.00  0.00 275.00  0.00 6.42265 
4  225.00  0.00 270.00  0.00 240.00  0.00 255.00  0.00 13.97597 
4  225.00  0.00 240.00  0.00 230.00  0.00 235.00  0.00 82.38413 
4  230.00  0.00 305.00  0.00 255.00  0.00 280.00  0.00 8.92634 
4  230.00  0.00 275.00  0.00 245.00  0.00 260.00  0.00 14.21402 
4  230.00  0.00 245.00  0.00 235.00  0.00 240.00  0.00 68.98539 
4  235.00  0.00 310.00  0.00 260.00  0.00 285.00  0.00 10.36809 
4  235.00  0.00 280.00  0.00 250.00  0.00 265.00  0.00 14.08491 
4  235.00  0.00 250.00  0.00 240.00  0.00 245.00  0.00 79.88964 
4  240.00  0.00 315.00  0.00 265.00  0.00 290.00  0.00 11.17735 
4  240.00  0.00 285.00  0.00 255.00  0.00 270.00  0.00 15.94943 
4  240.00  0.00 255.00  0.00 245.00  0.00 250.00  0.00 63.75429 
4  245.00  0.00 290.00  0.00 260.00  0.00 275.00  0.00 19.68917 
4  245.00  0.00 260.00  0.00 250.00  0.00 255.00  0.00 48.84167 
4  250.00  0.00 295.00  0.00 265.00  0.00 280.00  0.00 23.78605 
4  250.00  0.00 265.00  0.00 255.00  0.00 260.00  0.00 58.44820 
4  255.00  0.00 300.00  0.00 270.00  0.00 285.00  0.00 26.35300 
4  255.00  0.00 270.00  0.00 260.00  0.00 265.00  0.00 45.48251 
4  260.00  0.00 305.00  0.00 275.00  0.00 290.00  0.00 30.68096 
4  260.00  0.00 275.00  0.00 265.00  0.00 270.00  0.00 55.46251 
4  265.00  0.00 310.00  0.00 280.00  0.00 295.00  0.00 38.61262 
4  265.00  0.00 280.00  0.00 270.00  0.00 275.00  0.00 56.18384 
4  270.00  0.00 315.00  0.00 285.00  0.00 300.00  0.00 44.88676 
4  270.00  0.00 285.00  0.00 275.00  0.00 280.00  0.00 79.95278 
4  275.00  0.00 290.00  0.00 280.00  0.00 285.00  0.00 85.02949 
4  280.00  0.00 295.00  0.00 285.00  0.00 290.00  0.00 96.75759 
4  285.00  0.00 300.00  0.00 290.00  0.00 295.00  0.00 164.83599 
4  290.00  0.00 305.00  0.00 295.00  0.00 300.00  0.00 226.25210 
4  295.00  0.00 310.00  0.00 300.00  0.00 305.00  0.00 421.48963 
4  300.00  0.00 315.00  0.00 305.00  0.00 310.00  0.00 588.56423 
0
0
0
0
