20230627Wen48RN1M.bin
         1.00
11
0
Type of measurement (0=app. resistivity,1=resistance)
1
684
 2
0
4  0.00  0.00 36.00  0.00 12.00  0.00 24.00  0.00 3.21941 
4  0.00  0.00 33.00  0.00 11.00  0.00 22.00  0.00 3.28586 
4  0.00  0.00 30.00  0.00 10.00  0.00 20.00  0.00 3.11206 
4  0.00  0.00 27.00  0.00 9.00  0.00 18.00  0.00 2.93931 
4  0.00  0.00 24.00  0.00 8.00  0.00 16.00  0.00 2.72210 
4  0.00  0.00 21.00  0.00 7.00  0.00 14.00  0.00 2.52977 
4  0.00  0.00 18.00  0.00 6.00  0.00 12.00  0.00 2.79628 
4  0.00  0.00 15.00  0.00 5.00  0.00 10.00  0.00 3.51371 
4  0.00  0.00 12.00  0.00 4.00  0.00 8.00  0.00 5.09828 
4  0.00  0.00 9.00  0.00 3.00  0.00 6.00  0.00 7.79514 
4  0.00  0.00 6.00  0.00 2.00  0.00 4.00  0.00 15.63528 
4  0.00  0.00 3.00  0.00 1.00  0.00 2.00  0.00 67.32586 
4  1.00  0.00 37.00  0.00 13.00  0.00 25.00  0.00 3.21955 
4  1.00  0.00 34.00  0.00 12.00  0.00 23.00  0.00 3.28456 
4  1.00  0.00 31.00  0.00 11.00  0.00 21.00  0.00 3.24711 
4  1.00  0.00 28.00  0.00 10.00  0.00 19.00  0.00 3.13805 
4  1.00  0.00 25.00  0.00 9.00  0.00 17.00  0.00 3.01776 
4  1.00  0.00 22.00  0.00 8.00  0.00 15.00  0.00 2.71245 
4  1.00  0.00 19.00  0.00 7.00  0.00 13.00  0.00 2.92421 
4  1.00  0.00 16.00  0.00 6.00  0.00 11.00  0.00 3.48717 
4  1.00  0.00 13.00  0.00 5.00  0.00 9.00  0.00 4.97524 
4  1.00  0.00 10.00  0.00 4.00  0.00 7.00  0.00 8.43925 
4  1.00  0.00 7.00  0.00 3.00  0.00 5.00  0.00 17.33864 
4  1.00  0.00 4.00  0.00 2.00  0.00 3.00  0.00 92.31087 
4  2.00  0.00 38.00  0.00 14.00  0.00 26.00  0.00 3.16275 
4  2.00  0.00 35.00  0.00 13.00  0.00 24.00  0.00 3.32438 
4  2.00  0.00 32.00  0.00 12.00  0.00 22.00  0.00 3.31846 
4  2.00  0.00 29.00  0.00 11.00  0.00 20.00  0.00 3.30721 
4  2.00  0.00 26.00  0.00 10.00  0.00 18.00  0.00 3.23278 
4  2.00  0.00 23.00  0.00 9.00  0.00 16.00  0.00 3.11542 
4  2.00  0.00 20.00  0.00 8.00  0.00 14.00  0.00 3.11459 
4  2.00  0.00 17.00  0.00 7.00  0.00 12.00  0.00 3.74596 
4  2.00  0.00 14.00  0.00 6.00  0.00 10.00  0.00 4.94873 
4  2.00  0.00 11.00  0.00 5.00  0.00 8.00  0.00 8.42671 
4  2.00  0.00 8.00  0.00 4.00  0.00 6.00  0.00 18.98235 
4  2.00  0.00 5.00  0.00 3.00  0.00 4.00  0.00 84.60045 
4  3.00  0.00 39.00  0.00 15.00  0.00 27.00  0.00 3.09254 
4  3.00  0.00 36.00  0.00 14.00  0.00 25.00  0.00 3.35521 
4  3.00  0.00 33.00  0.00 13.00  0.00 23.00  0.00 3.35991 
4  3.00  0.00 30.00  0.00 12.00  0.00 21.00  0.00 3.32043 
4  3.00  0.00 27.00  0.00 11.00  0.00 19.00  0.00 3.41486 
4  3.00  0.00 24.00  0.00 10.00  0.00 17.00  0.00 3.45941 
4  3.00  0.00 21.00  0.00 9.00  0.00 15.00  0.00 3.28496 
4  3.00  0.00 18.00  0.00 8.00  0.00 13.00  0.00 3.89123 
4  3.00  0.00 15.00  0.00 7.00  0.00 11.00  0.00 5.05027 
4  3.00  0.00 12.00  0.00 6.00  0.00 9.00  0.00 7.59742 
4  3.00  0.00 9.00  0.00 5.00  0.00 7.00  0.00 16.42338 
4  3.00  0.00 6.00  0.00 4.00  0.00 5.00  0.00 86.25124 
4  4.00  0.00 40.00  0.00 16.00  0.00 28.00  0.00 2.96371 
4  4.00  0.00 37.00  0.00 15.00  0.00 26.00  0.00 3.35277 
4  4.00  0.00 34.00  0.00 14.00  0.00 24.00  0.00 3.41479 
4  4.00  0.00 31.00  0.00 13.00  0.00 22.00  0.00 3.40197 
4  4.00  0.00 28.00  0.00 12.00  0.00 20.00  0.00 3.45256 
4  4.00  0.00 25.00  0.00 11.00  0.00 18.00  0.00 3.64794 
4  4.00  0.00 22.00  0.00 10.00  0.00 16.00  0.00 3.69881 
4  4.00  0.00 19.00  0.00 9.00  0.00 14.00  0.00 4.09824 
4  4.00  0.00 16.00  0.00 8.00  0.00 12.00  0.00 5.44308 
4  4.00  0.00 13.00  0.00 7.00  0.00 10.00  0.00 7.29634 
4  4.00  0.00 10.00  0.00 6.00  0.00 8.00  0.00 13.00592 
4  4.00  0.00 7.00  0.00 5.00  0.00 6.00  0.00 55.65404 
4  5.00  0.00 41.00  0.00 17.00  0.00 29.00  0.00 2.81960 
4  5.00  0.00 38.00  0.00 16.00  0.00 27.00  0.00 3.20838 
4  5.00  0.00 35.00  0.00 15.00  0.00 25.00  0.00 3.52666 
4  5.00  0.00 32.00  0.00 14.00  0.00 23.00  0.00 3.44145 
4  5.00  0.00 29.00  0.00 13.00  0.00 21.00  0.00 3.50459 
4  5.00  0.00 26.00  0.00 12.00  0.00 19.00  0.00 3.68041 
4  5.00  0.00 23.00  0.00 11.00  0.00 17.00  0.00 4.06623 
4  5.00  0.00 20.00  0.00 10.00  0.00 15.00  0.00 4.22034 
4  5.00  0.00 17.00  0.00 9.00  0.00 13.00  0.00 5.47538 
4  5.00  0.00 14.00  0.00 8.00  0.00 11.00  0.00 7.37450 
4  5.00  0.00 11.00  0.00 7.00  0.00 9.00  0.00 11.60712 
4  5.00  0.00 8.00  0.00 6.00  0.00 7.00  0.00 38.31186 
4  6.00  0.00 42.00  0.00 18.00  0.00 30.00  0.00 2.76988 
4  6.00  0.00 39.00  0.00 17.00  0.00 28.00  0.00 3.04310 
4  6.00  0.00 36.00  0.00 16.00  0.00 26.00  0.00 3.40149 
4  6.00  0.00 33.00  0.00 15.00  0.00 24.00  0.00 3.51974 
4  6.00  0.00 30.00  0.00 14.00  0.00 22.00  0.00 3.48820 
4  6.00  0.00 27.00  0.00 13.00  0.00 20.00  0.00 3.65688 
4  6.00  0.00 24.00  0.00 12.00  0.00 18.00  0.00 3.98003 
4  6.00  0.00 21.00  0.00 11.00  0.00 16.00  0.00 4.54810 
4  6.00  0.00 18.00  0.00 10.00  0.00 14.00  0.00 5.59458 
4  6.00  0.00 15.00  0.00 9.00  0.00 12.00  0.00 8.61263 
4  6.00  0.00 12.00  0.00 8.00  0.00 10.00  0.00 11.60521 
4  6.00  0.00 9.00  0.00 7.00  0.00 8.00  0.00 23.85205 
4  7.00  0.00 43.00  0.00 19.00  0.00 31.00  0.00 2.65710 
4  7.00  0.00 40.00  0.00 18.00  0.00 29.00  0.00 2.89860 
4  7.00  0.00 37.00  0.00 17.00  0.00 27.00  0.00 3.22503 
4  7.00  0.00 34.00  0.00 16.00  0.00 25.00  0.00 3.43445 
4  7.00  0.00 31.00  0.00 15.00  0.00 23.00  0.00 3.45807 
4  7.00  0.00 28.00  0.00 14.00  0.00 21.00  0.00 3.54317 
4  7.00  0.00 25.00  0.00 13.00  0.00 19.00  0.00 3.85875 
4  7.00  0.00 22.00  0.00 12.00  0.00 17.00  0.00 4.38061 
4  7.00  0.00 19.00  0.00 11.00  0.00 15.00  0.00 5.47213 
4  7.00  0.00 16.00  0.00 10.00  0.00 13.00  0.00 8.15425 
4  7.00  0.00 13.00  0.00 9.00  0.00 11.00  0.00 11.79491 
4  7.00  0.00 10.00  0.00 8.00  0.00 9.00  0.00 20.33439 
4  8.00  0.00 44.00  0.00 20.00  0.00 32.00  0.00 2.51945 
4  8.00  0.00 41.00  0.00 19.00  0.00 30.00  0.00 2.79088 
4  8.00  0.00 38.00  0.00 18.00  0.00 28.00  0.00 3.11403 
4  8.00  0.00 35.00  0.00 17.00  0.00 26.00  0.00 3.31963 
4  8.00  0.00 32.00  0.00 16.00  0.00 24.00  0.00 3.32941 
4  8.00  0.00 29.00  0.00 15.00  0.00 22.00  0.00 3.53566 
4  8.00  0.00 26.00  0.00 14.00  0.00 20.00  0.00 3.71850 
4  8.00  0.00 23.00  0.00 13.00  0.00 18.00  0.00 4.23836 
4  8.00  0.00 20.00  0.00 12.00  0.00 16.00  0.00 5.27711 
4  8.00  0.00 17.00  0.00 11.00  0.00 14.00  0.00 8.21864 
4  8.00  0.00 14.00  0.00 10.00  0.00 12.00  0.00 14.05831 
4  8.00  0.00 11.00  0.00 9.00  0.00 10.00  0.00 23.30690 
4  9.00  0.00 45.00  0.00 21.00  0.00 33.00  0.00 2.47827 
4  9.00  0.00 42.00  0.00 20.00  0.00 31.00  0.00 2.67519 
4  9.00  0.00 39.00  0.00 19.00  0.00 29.00  0.00 2.93364 
4  9.00  0.00 36.00  0.00 18.00  0.00 27.00  0.00 3.22456 
4  9.00  0.00 33.00  0.00 17.00  0.00 25.00  0.00 3.26584 
4  9.00  0.00 30.00  0.00 16.00  0.00 23.00  0.00 3.26555 
4  9.00  0.00 27.00  0.00 15.00  0.00 21.00  0.00 3.65420 
4  9.00  0.00 24.00  0.00 14.00  0.00 19.00  0.00 4.10983 
4  9.00  0.00 21.00  0.00 13.00  0.00 17.00  0.00 5.15822 
4  9.00  0.00 18.00  0.00 12.00  0.00 15.00  0.00 7.34184 
4  9.00  0.00 15.00  0.00 11.00  0.00 13.00  0.00 15.78970 
4  9.00  0.00 12.00  0.00 10.00  0.00 11.00  0.00 23.10085 
4  10.00  0.00 46.00  0.00 22.00  0.00 34.00  0.00 2.52334 
4  10.00  0.00 43.00  0.00 21.00  0.00 32.00  0.00 2.58320 
4  10.00  0.00 40.00  0.00 20.00  0.00 30.00  0.00 2.83682 
4  10.00  0.00 37.00  0.00 19.00  0.00 28.00  0.00 3.14897 
4  10.00  0.00 34.00  0.00 18.00  0.00 26.00  0.00 3.25513 
4  10.00  0.00 31.00  0.00 17.00  0.00 24.00  0.00 3.15038 
4  10.00  0.00 28.00  0.00 16.00  0.00 22.00  0.00 3.45058 
4  10.00  0.00 25.00  0.00 15.00  0.00 20.00  0.00 4.17318 
4  10.00  0.00 22.00  0.00 14.00  0.00 18.00  0.00 5.01209 
4  10.00  0.00 19.00  0.00 13.00  0.00 16.00  0.00 7.97144 
4  10.00  0.00 16.00  0.00 12.00  0.00 14.00  0.00 15.35542 
4  10.00  0.00 13.00  0.00 11.00  0.00 12.00  0.00 35.08281 
4  11.00  0.00 47.00  0.00 23.00  0.00 35.00  0.00 2.67511 
4  11.00  0.00 44.00  0.00 22.00  0.00 33.00  0.00 2.54381 
4  11.00  0.00 41.00  0.00 21.00  0.00 31.00  0.00 2.73623 
4  11.00  0.00 38.00  0.00 20.00  0.00 29.00  0.00 3.02295 
4  11.00  0.00 35.00  0.00 19.00  0.00 27.00  0.00 3.22802 
4  11.00  0.00 32.00  0.00 18.00  0.00 25.00  0.00 3.20782 
4  11.00  0.00 29.00  0.00 17.00  0.00 23.00  0.00 3.24681 
4  11.00  0.00 26.00  0.00 16.00  0.00 21.00  0.00 3.86429 
4  11.00  0.00 23.00  0.00 15.00  0.00 19.00  0.00 5.26371 
4  11.00  0.00 20.00  0.00 14.00  0.00 17.00  0.00 7.78441 
4  11.00  0.00 17.00  0.00 13.00  0.00 15.00  0.00 14.39244 
4  11.00  0.00 14.00  0.00 12.00  0.00 13.00  0.00 31.67025 
4  12.00  0.00 45.00  0.00 23.00  0.00 34.00  0.00 2.67918 
4  12.00  0.00 42.00  0.00 22.00  0.00 32.00  0.00 2.66890 
4  12.00  0.00 39.00  0.00 21.00  0.00 30.00  0.00 2.98173 
4  12.00  0.00 36.00  0.00 20.00  0.00 28.00  0.00 3.23901 
4  12.00  0.00 33.00  0.00 19.00  0.00 26.00  0.00 3.28241 
4  12.00  0.00 30.00  0.00 18.00  0.00 24.00  0.00 3.26346 
4  12.00  0.00 27.00  0.00 17.00  0.00 22.00  0.00 3.77607 
4  12.00  0.00 24.00  0.00 16.00  0.00 20.00  0.00 5.26603 
4  12.00  0.00 21.00  0.00 15.00  0.00 18.00  0.00 8.66731 
4  12.00  0.00 18.00  0.00 14.00  0.00 16.00  0.00 15.98286 
4  12.00  0.00 15.00  0.00 13.00  0.00 14.00  0.00 41.92557 
4  13.00  0.00 46.00  0.00 24.00  0.00 35.00  0.00 2.84557 
4  13.00  0.00 43.00  0.00 23.00  0.00 33.00  0.00 2.70921 
4  13.00  0.00 40.00  0.00 22.00  0.00 31.00  0.00 2.86861 
4  13.00  0.00 37.00  0.00 21.00  0.00 29.00  0.00 3.18178 
4  13.00  0.00 34.00  0.00 20.00  0.00 27.00  0.00 3.26984 
4  13.00  0.00 31.00  0.00 19.00  0.00 25.00  0.00 3.28858 
4  13.00  0.00 28.00  0.00 18.00  0.00 23.00  0.00 3.58167 
4  13.00  0.00 25.00  0.00 17.00  0.00 21.00  0.00 4.79935 
4  13.00  0.00 22.00  0.00 16.00  0.00 19.00  0.00 7.64692 
4  13.00  0.00 19.00  0.00 15.00  0.00 17.00  0.00 16.98030 
4  13.00  0.00 16.00  0.00 14.00  0.00 15.00  0.00 31.44821 
4  14.00  0.00 47.00  0.00 25.00  0.00 36.00  0.00 3.19540 
4  14.00  0.00 44.00  0.00 24.00  0.00 34.00  0.00 2.81577 
4  14.00  0.00 41.00  0.00 23.00  0.00 32.00  0.00 2.81065 
4  14.00  0.00 38.00  0.00 22.00  0.00 30.00  0.00 3.15491 
4  14.00  0.00 35.00  0.00 21.00  0.00 28.00  0.00 3.34968 
4  14.00  0.00 32.00  0.00 20.00  0.00 26.00  0.00 3.30667 
4  14.00  0.00 29.00  0.00 19.00  0.00 24.00  0.00 3.52470 
4  14.00  0.00 26.00  0.00 18.00  0.00 22.00  0.00 4.55607 
4  14.00  0.00 23.00  0.00 17.00  0.00 20.00  0.00 7.15609 
4  14.00  0.00 20.00  0.00 16.00  0.00 18.00  0.00 14.44413 
4  14.00  0.00 17.00  0.00 15.00  0.00 16.00  0.00 37.40667 
4  15.00  0.00 45.00  0.00 25.00  0.00 35.00  0.00 2.98205 
4  15.00  0.00 42.00  0.00 24.00  0.00 33.00  0.00 2.82187 
4  15.00  0.00 39.00  0.00 23.00  0.00 31.00  0.00 3.06857 
4  15.00  0.00 36.00  0.00 22.00  0.00 29.00  0.00 3.30214 
4  15.00  0.00 33.00  0.00 21.00  0.00 27.00  0.00 3.34486 
4  15.00  0.00 30.00  0.00 20.00  0.00 25.00  0.00 3.41782 
4  15.00  0.00 27.00  0.00 19.00  0.00 23.00  0.00 4.13478 
4  15.00  0.00 24.00  0.00 18.00  0.00 21.00  0.00 6.49718 
4  15.00  0.00 21.00  0.00 17.00  0.00 19.00  0.00 12.04297 
4  15.00  0.00 18.00  0.00 16.00  0.00 17.00  0.00 28.50422 
4  16.00  0.00 46.00  0.00 26.00  0.00 36.00  0.00 3.45253 
4  16.00  0.00 43.00  0.00 25.00  0.00 34.00  0.00 2.95896 
4  16.00  0.00 40.00  0.00 24.00  0.00 32.00  0.00 2.97936 
4  16.00  0.00 37.00  0.00 23.00  0.00 30.00  0.00 3.40572 
4  16.00  0.00 34.00  0.00 22.00  0.00 28.00  0.00 3.44880 
4  16.00  0.00 31.00  0.00 21.00  0.00 26.00  0.00 3.48043 
4  16.00  0.00 28.00  0.00 20.00  0.00 24.00  0.00 3.93240 
4  16.00  0.00 25.00  0.00 19.00  0.00 22.00  0.00 6.21288 
4  16.00  0.00 22.00  0.00 18.00  0.00 20.00  0.00 11.02901 
4  16.00  0.00 19.00  0.00 17.00  0.00 18.00  0.00 26.19515 
4  17.00  0.00 47.00  0.00 27.00  0.00 37.00  0.00 4.03425 
4  17.00  0.00 44.00  0.00 26.00  0.00 35.00  0.00 3.19318 
4  17.00  0.00 41.00  0.00 25.00  0.00 33.00  0.00 2.93430 
4  17.00  0.00 38.00  0.00 24.00  0.00 31.00  0.00 3.32370 
4  17.00  0.00 35.00  0.00 23.00  0.00 29.00  0.00 3.53800 
4  17.00  0.00 32.00  0.00 22.00  0.00 27.00  0.00 3.48664 
4  17.00  0.00 29.00  0.00 21.00  0.00 25.00  0.00 3.88934 
4  17.00  0.00 26.00  0.00 20.00  0.00 23.00  0.00 5.28200 
4  17.00  0.00 23.00  0.00 19.00  0.00 21.00  0.00 10.21107 
4  17.00  0.00 20.00  0.00 18.00  0.00 19.00  0.00 24.03675 
4  18.00  0.00 45.00  0.00 27.00  0.00 36.00  0.00 3.70514 
4  18.00  0.00 42.00  0.00 26.00  0.00 34.00  0.00 3.07708 
4  18.00  0.00 39.00  0.00 25.00  0.00 32.00  0.00 3.07134 
4  18.00  0.00 36.00  0.00 24.00  0.00 30.00  0.00 3.55368 
4  18.00  0.00 33.00  0.00 23.00  0.00 28.00  0.00 3.60071 
4  18.00  0.00 30.00  0.00 22.00  0.00 26.00  0.00 3.66745 
4  18.00  0.00 27.00  0.00 21.00  0.00 24.00  0.00 4.65838 
4  18.00  0.00 24.00  0.00 20.00  0.00 22.00  0.00 9.18791 
4  18.00  0.00 21.00  0.00 19.00  0.00 20.00  0.00 23.00405 
4  19.00  0.00 46.00  0.00 28.00  0.00 37.00  0.00 4.34988 
4  19.00  0.00 43.00  0.00 27.00  0.00 35.00  0.00 3.35665 
4  19.00  0.00 40.00  0.00 26.00  0.00 33.00  0.00 3.01684 
4  19.00  0.00 37.00  0.00 25.00  0.00 31.00  0.00 3.36350 
4  19.00  0.00 34.00  0.00 24.00  0.00 29.00  0.00 3.59089 
4  19.00  0.00 31.00  0.00 23.00  0.00 27.00  0.00 3.70784 
4  19.00  0.00 28.00  0.00 22.00  0.00 25.00  0.00 4.37225 
4  19.00  0.00 25.00  0.00 21.00  0.00 23.00  0.00 7.99264 
4  19.00  0.00 22.00  0.00 20.00  0.00 21.00  0.00 20.00635 
4  20.00  0.00 47.00  0.00 29.00  0.00 38.00  0.00 5.04779 
4  20.00  0.00 44.00  0.00 28.00  0.00 36.00  0.00 3.92046 
4  20.00  0.00 41.00  0.00 27.00  0.00 34.00  0.00 3.16555 
4  20.00  0.00 38.00  0.00 26.00  0.00 32.00  0.00 3.18361 
4  20.00  0.00 35.00  0.00 25.00  0.00 30.00  0.00 3.54586 
4  20.00  0.00 32.00  0.00 24.00  0.00 28.00  0.00 3.83599 
4  20.00  0.00 29.00  0.00 23.00  0.00 26.00  0.00 4.47616 
4  20.00  0.00 26.00  0.00 22.00  0.00 24.00  0.00 6.76055 
4  20.00  0.00 23.00  0.00 21.00  0.00 22.00  0.00 19.35139 
4  21.00  0.00 45.00  0.00 29.00  0.00 37.00  0.00 4.71545 
4  21.00  0.00 42.00  0.00 28.00  0.00 35.00  0.00 3.47008 
4  21.00  0.00 39.00  0.00 27.00  0.00 33.00  0.00 3.12331 
4  21.00  0.00 36.00  0.00 26.00  0.00 31.00  0.00 3.40522 
4  21.00  0.00 33.00  0.00 25.00  0.00 29.00  0.00 3.66034 
4  21.00  0.00 30.00  0.00 24.00  0.00 27.00  0.00 4.57720 
4  21.00  0.00 27.00  0.00 23.00  0.00 25.00  0.00 6.62885 
4  21.00  0.00 24.00  0.00 22.00  0.00 23.00  0.00 16.69112 
4  22.00  0.00 46.00  0.00 30.00  0.00 38.00  0.00 5.51504 
4  22.00  0.00 43.00  0.00 29.00  0.00 36.00  0.00 4.22002 
4  22.00  0.00 40.00  0.00 28.00  0.00 34.00  0.00 3.27473 
4  22.00  0.00 37.00  0.00 27.00  0.00 32.00  0.00 3.26270 
4  22.00  0.00 34.00  0.00 26.00  0.00 30.00  0.00 3.61466 
4  22.00  0.00 31.00  0.00 25.00  0.00 28.00  0.00 4.40491 
4  22.00  0.00 28.00  0.00 24.00  0.00 26.00  0.00 6.84942 
4  22.00  0.00 25.00  0.00 23.00  0.00 24.00  0.00 16.40099 
4  23.00  0.00 47.00  0.00 31.00  0.00 39.00  0.00 6.40968 
4  23.00  0.00 44.00  0.00 30.00  0.00 37.00  0.00 5.08541 
4  23.00  0.00 41.00  0.00 29.00  0.00 35.00  0.00 3.65380 
4  23.00  0.00 38.00  0.00 28.00  0.00 33.00  0.00 3.26504 
4  23.00  0.00 35.00  0.00 27.00  0.00 31.00  0.00 3.47173 
4  23.00  0.00 32.00  0.00 26.00  0.00 29.00  0.00 4.18747 
4  23.00  0.00 29.00  0.00 25.00  0.00 27.00  0.00 6.95828 
4  23.00  0.00 26.00  0.00 24.00  0.00 25.00  0.00 16.81583 
4  24.00  0.00 45.00  0.00 31.00  0.00 38.00  0.00 6.08917 
4  24.00  0.00 42.00  0.00 30.00  0.00 36.00  0.00 4.48922 
4  24.00  0.00 39.00  0.00 29.00  0.00 34.00  0.00 3.53482 
4  24.00  0.00 36.00  0.00 28.00  0.00 32.00  0.00 3.34051 
4  24.00  0.00 33.00  0.00 27.00  0.00 30.00  0.00 4.23106 
4  24.00  0.00 30.00  0.00 26.00  0.00 28.00  0.00 7.06584 
4  24.00  0.00 27.00  0.00 25.00  0.00 26.00  0.00 17.43038 
4  25.00  0.00 46.00  0.00 32.00  0.00 39.00  0.00 7.27685 
4  25.00  0.00 43.00  0.00 31.00  0.00 37.00  0.00 5.66410 
4  25.00  0.00 40.00  0.00 30.00  0.00 35.00  0.00 3.94962 
4  25.00  0.00 37.00  0.00 29.00  0.00 33.00  0.00 3.56896 
4  25.00  0.00 34.00  0.00 28.00  0.00 31.00  0.00 4.09152 
4  25.00  0.00 31.00  0.00 27.00  0.00 29.00  0.00 6.72663 
4  25.00  0.00 28.00  0.00 26.00  0.00 27.00  0.00 16.83800 
4  26.00  0.00 47.00  0.00 33.00  0.00 40.00  0.00 8.10463 
4  26.00  0.00 44.00  0.00 32.00  0.00 38.00  0.00 6.89886 
4  26.00  0.00 41.00  0.00 31.00  0.00 36.00  0.00 4.96333 
4  26.00  0.00 38.00  0.00 30.00  0.00 34.00  0.00 3.99627 
4  26.00  0.00 35.00  0.00 29.00  0.00 32.00  0.00 4.00454 
4  26.00  0.00 32.00  0.00 28.00  0.00 30.00  0.00 7.18842 
4  26.00  0.00 29.00  0.00 27.00  0.00 28.00  0.00 20.27701 
4  27.00  0.00 45.00  0.00 33.00  0.00 39.00  0.00 8.21683 
4  27.00  0.00 42.00  0.00 32.00  0.00 37.00  0.00 6.43514 
4  27.00  0.00 39.00  0.00 31.00  0.00 35.00  0.00 4.60906 
4  27.00  0.00 36.00  0.00 30.00  0.00 33.00  0.00 4.28094 
4  27.00  0.00 33.00  0.00 29.00  0.00 31.00  0.00 8.16299 
4  27.00  0.00 30.00  0.00 28.00  0.00 29.00  0.00 21.14311 
4  28.00  0.00 46.00  0.00 34.00  0.00 40.00  0.00 9.13328 
4  28.00  0.00 43.00  0.00 33.00  0.00 38.00  0.00 7.90715 
4  28.00  0.00 40.00  0.00 32.00  0.00 36.00  0.00 6.00580 
4  28.00  0.00 37.00  0.00 31.00  0.00 34.00  0.00 5.07900 
4  28.00  0.00 34.00  0.00 30.00  0.00 32.00  0.00 8.49172 
4  28.00  0.00 31.00  0.00 29.00  0.00 30.00  0.00 23.68098 
4  29.00  0.00 47.00  0.00 35.00  0.00 41.00  0.00 9.77114 
4  29.00  0.00 44.00  0.00 34.00  0.00 39.00  0.00 9.31109 
4  29.00  0.00 41.00  0.00 33.00  0.00 37.00  0.00 7.50965 
4  29.00  0.00 38.00  0.00 32.00  0.00 35.00  0.00 6.36018 
4  29.00  0.00 35.00  0.00 31.00  0.00 33.00  0.00 7.47004 
4  29.00  0.00 32.00  0.00 30.00  0.00 31.00  0.00 27.95109 
4  30.00  0.00 45.00  0.00 35.00  0.00 40.00  0.00 10.33667 
4  30.00  0.00 42.00  0.00 34.00  0.00 38.00  0.00 9.12141 
4  30.00  0.00 39.00  0.00 33.00  0.00 36.00  0.00 8.10242 
4  30.00  0.00 36.00  0.00 32.00  0.00 34.00  0.00 8.86921 
4  30.00  0.00 33.00  0.00 31.00  0.00 32.00  0.00 27.47543 
4  31.00  0.00 46.00  0.00 36.00  0.00 41.00  0.00 10.90352 
4  31.00  0.00 43.00  0.00 35.00  0.00 39.00  0.00 10.88903 
4  31.00  0.00 40.00  0.00 34.00  0.00 37.00  0.00 9.69967 
4  31.00  0.00 37.00  0.00 33.00  0.00 35.00  0.00 10.68071 
4  31.00  0.00 34.00  0.00 32.00  0.00 33.00  0.00 27.49969 
4  32.00  0.00 47.00  0.00 37.00  0.00 42.00  0.00 10.61259 
4  32.00  0.00 44.00  0.00 36.00  0.00 40.00  0.00 11.75833 
4  32.00  0.00 41.00  0.00 35.00  0.00 38.00  0.00 11.14351 
4  32.00  0.00 38.00  0.00 34.00  0.00 36.00  0.00 13.50816 
4  32.00  0.00 35.00  0.00 33.00  0.00 34.00  0.00 26.72322 
4  33.00  0.00 45.00  0.00 37.00  0.00 41.00  0.00 12.44589 
4  33.00  0.00 42.00  0.00 36.00  0.00 39.00  0.00 13.26638 
4  33.00  0.00 39.00  0.00 35.00  0.00 37.00  0.00 14.82731 
4  33.00  0.00 36.00  0.00 34.00  0.00 35.00  0.00 25.42988 
4  34.00  0.00 46.00  0.00 38.00  0.00 42.00  0.00 12.36139 
4  34.00  0.00 43.00  0.00 37.00  0.00 40.00  0.00 14.88138 
4  34.00  0.00 40.00  0.00 36.00  0.00 38.00  0.00 16.82567 
4  34.00  0.00 37.00  0.00 35.00  0.00 36.00  0.00 0.01144 
4  35.00  0.00 47.00  0.00 39.00  0.00 43.00  0.00 12.15403 
4  35.00  0.00 44.00  0.00 38.00  0.00 41.00  0.00 16.32326 
4  35.00  0.00 41.00  0.00 37.00  0.00 39.00  0.00 19.98979 
4  35.00  0.00 38.00  0.00 36.00  0.00 37.00  0.00 31.15496 
4  36.00  0.00 45.00  0.00 39.00  0.00 42.00  0.00 16.24430 
4  36.00  0.00 42.00  0.00 38.00  0.00 40.00  0.00 23.95332 
4  36.00  0.00 39.00  0.00 37.00  0.00 38.00  0.00 39.19761 
4  37.00  0.00 46.00  0.00 40.00  0.00 43.00  0.00 16.94590 
4  37.00  0.00 43.00  0.00 39.00  0.00 41.00  0.00 27.58918 
4  37.00  0.00 40.00  0.00 38.00  0.00 39.00  0.00 50.88256 
4  38.00  0.00 47.00  0.00 41.00  0.00 44.00  0.00 17.77294 
4  38.00  0.00 44.00  0.00 40.00  0.00 42.00  0.00 27.46964 
4  38.00  0.00 41.00  0.00 39.00  0.00 40.00  0.00 55.51989 
4  39.00  0.00 45.00  0.00 41.00  0.00 43.00  0.00 29.35259 
4  39.00  0.00 42.00  0.00 40.00  0.00 41.00  0.00 65.29478 
4  40.00  0.00 46.00  0.00 42.00  0.00 44.00  0.00 33.05677 
4  40.00  0.00 43.00  0.00 41.00  0.00 42.00  0.00 60.36522 
4  41.00  0.00 47.00  0.00 43.00  0.00 45.00  0.00 34.84338 
4  41.00  0.00 44.00  0.00 42.00  0.00 43.00  0.00 68.86124 
4  42.00  0.00 45.00  0.00 43.00  0.00 44.00  0.00 70.81517 
4  43.00  0.00 46.00  0.00 44.00  0.00 45.00  0.00 72.09112 
4  44.00  0.00 47.00  0.00 45.00  0.00 46.00  0.00 71.83558 
4  12.00  0.00 24.00  0.00 0.00  0.00 36.00  0.00 3.22475 
4  11.00  0.00 22.00  0.00 0.00  0.00 33.00  0.00 3.28803 
4  10.00  0.00 20.00  0.00 0.00  0.00 30.00  0.00 3.11152 
4  9.00  0.00 18.00  0.00 0.00  0.00 27.00  0.00 2.94017 
4  8.00  0.00 16.00  0.00 0.00  0.00 24.00  0.00 2.72084 
4  7.00  0.00 14.00  0.00 0.00  0.00 21.00  0.00 2.52845 
4  6.00  0.00 12.00  0.00 0.00  0.00 18.00  0.00 2.79387 
4  5.00  0.00 10.00  0.00 0.00  0.00 15.00  0.00 3.51584 
4  4.00  0.00 8.00  0.00 0.00  0.00 12.00  0.00 5.10154 
4  3.00  0.00 6.00  0.00 0.00  0.00 9.00  0.00 7.79309 
4  2.00  0.00 4.00  0.00 0.00  0.00 6.00  0.00 15.56513 
4  1.00  0.00 2.00  0.00 0.00  0.00 3.00  0.00 67.57432 
4  13.00  0.00 25.00  0.00 1.00  0.00 37.00  0.00 3.20927 
4  12.00  0.00 23.00  0.00 1.00  0.00 34.00  0.00 3.28571 
4  11.00  0.00 21.00  0.00 1.00  0.00 31.00  0.00 3.24760 
4  10.00  0.00 19.00  0.00 1.00  0.00 28.00  0.00 3.13816 
4  9.00  0.00 17.00  0.00 1.00  0.00 25.00  0.00 3.01875 
4  8.00  0.00 15.00  0.00 1.00  0.00 22.00  0.00 2.71002 
4  7.00  0.00 13.00  0.00 1.00  0.00 19.00  0.00 2.92109 
4  6.00  0.00 11.00  0.00 1.00  0.00 16.00  0.00 3.48530 
4  5.00  0.00 9.00  0.00 1.00  0.00 13.00  0.00 4.97177 
4  4.00  0.00 7.00  0.00 1.00  0.00 10.00  0.00 8.43936 
4  3.00  0.00 5.00  0.00 1.00  0.00 7.00  0.00 17.29078 
4  2.00  0.00 3.00  0.00 1.00  0.00 4.00  0.00 92.82843 
4  14.00  0.00 26.00  0.00 2.00  0.00 38.00  0.00 3.15624 
4  13.00  0.00 24.00  0.00 2.00  0.00 35.00  0.00 3.32700 
4  12.00  0.00 22.00  0.00 2.00  0.00 32.00  0.00 3.31972 
4  11.00  0.00 20.00  0.00 2.00  0.00 29.00  0.00 3.30755 
4  10.00  0.00 18.00  0.00 2.00  0.00 26.00  0.00 3.23237 
4  9.00  0.00 16.00  0.00 2.00  0.00 23.00  0.00 3.11670 
4  8.00  0.00 14.00  0.00 2.00  0.00 20.00  0.00 3.11154 
4  7.00  0.00 12.00  0.00 2.00  0.00 17.00  0.00 3.74474 
4  6.00  0.00 10.00  0.00 2.00  0.00 14.00  0.00 4.94866 
4  5.00  0.00 8.00  0.00 2.00  0.00 11.00  0.00 8.42484 
4  4.00  0.00 6.00  0.00 2.00  0.00 8.00  0.00 18.95001 
4  3.00  0.00 4.00  0.00 2.00  0.00 5.00  0.00 85.13022 
4  15.00  0.00 27.00  0.00 3.00  0.00 39.00  0.00 3.08016 
4  14.00  0.00 25.00  0.00 3.00  0.00 36.00  0.00 3.35738 
4  13.00  0.00 23.00  0.00 3.00  0.00 33.00  0.00 3.35949 
4  12.00  0.00 21.00  0.00 3.00  0.00 30.00  0.00 3.31955 
4  11.00  0.00 19.00  0.00 3.00  0.00 27.00  0.00 3.41422 
4  10.00  0.00 17.00  0.00 3.00  0.00 24.00  0.00 3.46056 
4  9.00  0.00 15.00  0.00 3.00  0.00 21.00  0.00 3.28369 
4  8.00  0.00 13.00  0.00 3.00  0.00 18.00  0.00 3.88609 
4  7.00  0.00 11.00  0.00 3.00  0.00 15.00  0.00 5.04211 
4  6.00  0.00 9.00  0.00 3.00  0.00 12.00  0.00 7.58446 
4  5.00  0.00 7.00  0.00 3.00  0.00 9.00  0.00 16.34088 
4  4.00  0.00 5.00  0.00 3.00  0.00 6.00  0.00 86.74513 
4  16.00  0.00 28.00  0.00 4.00  0.00 40.00  0.00 2.95315 
4  15.00  0.00 26.00  0.00 4.00  0.00 37.00  0.00 3.35345 
4  14.00  0.00 24.00  0.00 4.00  0.00 34.00  0.00 3.41472 
4  13.00  0.00 22.00  0.00 4.00  0.00 31.00  0.00 3.40265 
4  12.00  0.00 20.00  0.00 4.00  0.00 28.00  0.00 3.45397 
4  11.00  0.00 18.00  0.00 4.00  0.00 25.00  0.00 3.64874 
4  10.00  0.00 16.00  0.00 4.00  0.00 22.00  0.00 3.70064 
4  9.00  0.00 14.00  0.00 4.00  0.00 19.00  0.00 4.09741 
4  8.00  0.00 12.00  0.00 4.00  0.00 16.00  0.00 5.43634 
4  7.00  0.00 10.00  0.00 4.00  0.00 13.00  0.00 7.29590 
4  6.00  0.00 8.00  0.00 4.00  0.00 10.00  0.00 13.06407 
4  5.00  0.00 6.00  0.00 4.00  0.00 7.00  0.00 55.85772 
4  17.00  0.00 29.00  0.00 5.00  0.00 41.00  0.00 2.81361 
4  16.00  0.00 27.00  0.00 5.00  0.00 38.00  0.00 3.21238 
4  15.00  0.00 25.00  0.00 5.00  0.00 35.00  0.00 3.53211 
4  14.00  0.00 23.00  0.00 5.00  0.00 32.00  0.00 3.44289 
4  13.00  0.00 21.00  0.00 5.00  0.00 29.00  0.00 3.50554 
4  12.00  0.00 19.00  0.00 5.00  0.00 26.00  0.00 3.66420 
4  11.00  0.00 17.00  0.00 5.00  0.00 23.00  0.00 4.06904 
4  10.00  0.00 15.00  0.00 5.00  0.00 20.00  0.00 4.21825 
4  9.00  0.00 13.00  0.00 5.00  0.00 17.00  0.00 5.47166 
4  8.00  0.00 11.00  0.00 5.00  0.00 14.00  0.00 7.35894 
4  7.00  0.00 9.00  0.00 5.00  0.00 11.00  0.00 11.54920 
4  6.00  0.00 7.00  0.00 5.00  0.00 8.00  0.00 38.15075 
4  18.00  0.00 30.00  0.00 6.00  0.00 42.00  0.00 2.76210 
4  17.00  0.00 28.00  0.00 6.00  0.00 39.00  0.00 3.04901 
4  16.00  0.00 26.00  0.00 6.00  0.00 36.00  0.00 3.40349 
4  15.00  0.00 24.00  0.00 6.00  0.00 33.00  0.00 3.52321 
4  14.00  0.00 22.00  0.00 6.00  0.00 30.00  0.00 3.48996 
4  13.00  0.00 20.00  0.00 6.00  0.00 27.00  0.00 3.66039 
4  12.00  0.00 18.00  0.00 6.00  0.00 24.00  0.00 3.98066 
4  11.00  0.00 16.00  0.00 6.00  0.00 21.00  0.00 4.54624 
4  10.00  0.00 14.00  0.00 6.00  0.00 18.00  0.00 5.59724 
4  9.00  0.00 12.00  0.00 6.00  0.00 15.00  0.00 8.61031 
4  8.00  0.00 10.00  0.00 6.00  0.00 12.00  0.00 11.55226 
4  7.00  0.00 8.00  0.00 6.00  0.00 9.00  0.00 23.77565 
4  19.00  0.00 31.00  0.00 7.00  0.00 43.00  0.00 2.65145 
4  18.00  0.00 29.00  0.00 7.00  0.00 40.00  0.00 2.90445 
4  17.00  0.00 27.00  0.00 7.00  0.00 37.00  0.00 3.22814 
4  16.00  0.00 25.00  0.00 7.00  0.00 34.00  0.00 3.43815 
4  15.00  0.00 23.00  0.00 7.00  0.00 31.00  0.00 3.46053 
4  14.00  0.00 21.00  0.00 7.00  0.00 28.00  0.00 3.54411 
4  13.00  0.00 19.00  0.00 7.00  0.00 25.00  0.00 3.86099 
4  12.00  0.00 17.00  0.00 7.00  0.00 22.00  0.00 4.38283 
4  11.00  0.00 15.00  0.00 7.00  0.00 19.00  0.00 5.47131 
4  10.00  0.00 13.00  0.00 7.00  0.00 16.00  0.00 8.16637 
4  9.00  0.00 11.00  0.00 7.00  0.00 13.00  0.00 11.77189 
4  8.00  0.00 9.00  0.00 7.00  0.00 10.00  0.00 20.29690 
4  20.00  0.00 32.00  0.00 8.00  0.00 44.00  0.00 2.50794 
4  19.00  0.00 30.00  0.00 8.00  0.00 41.00  0.00 2.79351 
4  18.00  0.00 28.00  0.00 8.00  0.00 38.00  0.00 3.11614 
4  17.00  0.00 26.00  0.00 8.00  0.00 35.00  0.00 3.31909 
4  16.00  0.00 24.00  0.00 8.00  0.00 32.00  0.00 3.32984 
4  15.00  0.00 22.00  0.00 8.00  0.00 29.00  0.00 3.53778 
4  14.00  0.00 20.00  0.00 8.00  0.00 26.00  0.00 3.71957 
4  13.00  0.00 18.00  0.00 8.00  0.00 23.00  0.00 4.23905 
4  12.00  0.00 16.00  0.00 8.00  0.00 20.00  0.00 5.27648 
4  11.00  0.00 14.00  0.00 8.00  0.00 17.00  0.00 8.21669 
4  10.00  0.00 12.00  0.00 8.00  0.00 14.00  0.00 14.02047 
4  9.00  0.00 10.00  0.00 8.00  0.00 11.00  0.00 23.25384 
4  21.00  0.00 33.00  0.00 9.00  0.00 45.00  0.00 2.47018 
4  20.00  0.00 31.00  0.00 9.00  0.00 42.00  0.00 2.67417 
4  19.00  0.00 29.00  0.00 9.00  0.00 39.00  0.00 2.93383 
4  18.00  0.00 27.00  0.00 9.00  0.00 36.00  0.00 3.22461 
4  17.00  0.00 25.00  0.00 9.00  0.00 33.00  0.00 3.26552 
4  16.00  0.00 23.00  0.00 9.00  0.00 30.00  0.00 3.26581 
4  15.00  0.00 21.00  0.00 9.00  0.00 27.00  0.00 3.65341 
4  14.00  0.00 19.00  0.00 9.00  0.00 24.00  0.00 4.10950 
4  13.00  0.00 17.00  0.00 9.00  0.00 21.00  0.00 5.15783 
4  12.00  0.00 15.00  0.00 9.00  0.00 18.00  0.00 7.34226 
4  11.00  0.00 13.00  0.00 9.00  0.00 15.00  0.00 15.77133 
4  10.00  0.00 11.00  0.00 9.00  0.00 12.00  0.00 23.11308 
4  22.00  0.00 34.00  0.00 10.00  0.00 46.00  0.00 2.51502 
4  21.00  0.00 32.00  0.00 10.00  0.00 43.00  0.00 2.58119 
4  20.00  0.00 30.00  0.00 10.00  0.00 40.00  0.00 2.83345 
4  19.00  0.00 28.00  0.00 10.00  0.00 37.00  0.00 3.14374 
4  18.00  0.00 26.00  0.00 10.00  0.00 34.00  0.00 3.24649 
4  17.00  0.00 24.00  0.00 10.00  0.00 31.00  0.00 3.14276 
4  16.00  0.00 22.00  0.00 10.00  0.00 28.00  0.00 3.44345 
4  15.00  0.00 20.00  0.00 10.00  0.00 25.00  0.00 4.17005 
4  14.00  0.00 18.00  0.00 10.00  0.00 22.00  0.00 5.00425 
4  13.00  0.00 16.00  0.00 10.00  0.00 19.00  0.00 7.95758 
4  12.00  0.00 14.00  0.00 10.00  0.00 16.00  0.00 15.30852 
4  11.00  0.00 12.00  0.00 10.00  0.00 13.00  0.00 35.01086 
4  23.00  0.00 35.00  0.00 11.00  0.00 47.00  0.00 2.66734 
4  22.00  0.00 33.00  0.00 11.00  0.00 44.00  0.00 2.54357 
4  21.00  0.00 31.00  0.00 11.00  0.00 41.00  0.00 2.73657 
4  20.00  0.00 29.00  0.00 11.00  0.00 38.00  0.00 3.02398 
4  19.00  0.00 27.00  0.00 11.00  0.00 35.00  0.00 3.22922 
4  18.00  0.00 25.00  0.00 11.00  0.00 32.00  0.00 3.20941 
4  17.00  0.00 23.00  0.00 11.00  0.00 29.00  0.00 3.24684 
4  16.00  0.00 21.00  0.00 11.00  0.00 26.00  0.00 3.86271 
4  15.00  0.00 19.00  0.00 11.00  0.00 23.00  0.00 5.26688 
4  14.00  0.00 17.00  0.00 11.00  0.00 20.00  0.00 7.78517 
4  13.00  0.00 15.00  0.00 11.00  0.00 17.00  0.00 14.36891 
4  12.00  0.00 13.00  0.00 11.00  0.00 14.00  0.00 31.65436 
4  23.00  0.00 34.00  0.00 12.00  0.00 45.00  0.00 2.67120 
4  22.00  0.00 32.00  0.00 12.00  0.00 42.00  0.00 2.67004 
4  21.00  0.00 30.00  0.00 12.00  0.00 39.00  0.00 2.98248 
4  20.00  0.00 28.00  0.00 12.00  0.00 36.00  0.00 3.24008 
4  19.00  0.00 26.00  0.00 12.00  0.00 33.00  0.00 3.28115 
4  18.00  0.00 24.00  0.00 12.00  0.00 30.00  0.00 3.26365 
4  17.00  0.00 22.00  0.00 12.00  0.00 27.00  0.00 3.77663 
4  16.00  0.00 20.00  0.00 12.00  0.00 24.00  0.00 5.26575 
4  15.00  0.00 18.00  0.00 12.00  0.00 21.00  0.00 8.66829 
4  14.00  0.00 16.00  0.00 12.00  0.00 18.00  0.00 15.96419 
4  13.00  0.00 14.00  0.00 12.00  0.00 15.00  0.00 41.86416 
4  24.00  0.00 35.00  0.00 13.00  0.00 46.00  0.00 2.84047 
4  23.00  0.00 33.00  0.00 13.00  0.00 43.00  0.00 2.70963 
4  22.00  0.00 31.00  0.00 13.00  0.00 40.00  0.00 2.86936 
4  21.00  0.00 29.00  0.00 13.00  0.00 37.00  0.00 3.18299 
4  20.00  0.00 27.00  0.00 13.00  0.00 34.00  0.00 3.27138 
4  19.00  0.00 25.00  0.00 13.00  0.00 31.00  0.00 3.28943 
4  18.00  0.00 23.00  0.00 13.00  0.00 28.00  0.00 3.58120 
4  17.00  0.00 21.00  0.00 13.00  0.00 25.00  0.00 4.79727 
4  16.00  0.00 19.00  0.00 13.00  0.00 22.00  0.00 7.65056 
4  15.00  0.00 17.00  0.00 13.00  0.00 19.00  0.00 16.97145 
4  14.00  0.00 15.00  0.00 13.00  0.00 16.00  0.00 31.40666 
4  25.00  0.00 36.00  0.00 14.00  0.00 47.00  0.00 3.18925 
4  24.00  0.00 34.00  0.00 14.00  0.00 44.00  0.00 2.81626 
4  23.00  0.00 32.00  0.00 14.00  0.00 41.00  0.00 2.81072 
4  22.00  0.00 30.00  0.00 14.00  0.00 38.00  0.00 3.15398 
4  21.00  0.00 28.00  0.00 14.00  0.00 35.00  0.00 3.35094 
4  20.00  0.00 26.00  0.00 14.00  0.00 32.00  0.00 3.30711 
4  19.00  0.00 24.00  0.00 14.00  0.00 29.00  0.00 3.52583 
4  18.00  0.00 22.00  0.00 14.00  0.00 26.00  0.00 4.55380 
4  17.00  0.00 20.00  0.00 14.00  0.00 23.00  0.00 7.15894 
4  16.00  0.00 18.00  0.00 14.00  0.00 20.00  0.00 14.42804 
4  15.00  0.00 16.00  0.00 14.00  0.00 17.00  0.00 37.36943 
4  25.00  0.00 35.00  0.00 15.00  0.00 45.00  0.00 2.98008 
4  24.00  0.00 33.00  0.00 15.00  0.00 42.00  0.00 2.82160 
4  23.00  0.00 31.00  0.00 15.00  0.00 39.00  0.00 3.06792 
4  22.00  0.00 29.00  0.00 15.00  0.00 36.00  0.00 3.30196 
4  21.00  0.00 27.00  0.00 15.00  0.00 33.00  0.00 3.34475 
4  20.00  0.00 25.00  0.00 15.00  0.00 30.00  0.00 3.41859 
4  19.00  0.00 23.00  0.00 15.00  0.00 27.00  0.00 4.13558 
4  18.00  0.00 21.00  0.00 15.00  0.00 24.00  0.00 6.49611 
4  17.00  0.00 19.00  0.00 15.00  0.00 21.00  0.00 12.02635 
4  16.00  0.00 17.00  0.00 15.00  0.00 18.00  0.00 28.48061 
4  26.00  0.00 36.00  0.00 16.00  0.00 46.00  0.00 3.44748 
4  25.00  0.00 34.00  0.00 16.00  0.00 43.00  0.00 2.95838 
4  24.00  0.00 32.00  0.00 16.00  0.00 40.00  0.00 2.97938 
4  23.00  0.00 30.00  0.00 16.00  0.00 37.00  0.00 3.40525 
4  22.00  0.00 28.00  0.00 16.00  0.00 34.00  0.00 3.44912 
4  21.00  0.00 26.00  0.00 16.00  0.00 31.00  0.00 3.47920 
4  20.00  0.00 24.00  0.00 16.00  0.00 28.00  0.00 3.93379 
4  19.00  0.00 22.00  0.00 16.00  0.00 25.00  0.00 6.21469 
4  18.00  0.00 20.00  0.00 16.00  0.00 22.00  0.00 11.01816 
4  17.00  0.00 18.00  0.00 16.00  0.00 19.00  0.00 26.17859 
4  27.00  0.00 37.00  0.00 17.00  0.00 47.00  0.00 4.02496 
4  26.00  0.00 35.00  0.00 17.00  0.00 44.00  0.00 3.19466 
4  25.00  0.00 33.00  0.00 17.00  0.00 41.00  0.00 2.93494 
4  24.00  0.00 31.00  0.00 17.00  0.00 38.00  0.00 3.32210 
4  23.00  0.00 29.00  0.00 17.00  0.00 35.00  0.00 3.53870 
4  22.00  0.00 27.00  0.00 17.00  0.00 32.00  0.00 3.48638 
4  21.00  0.00 25.00  0.00 17.00  0.00 29.00  0.00 3.88730 
4  20.00  0.00 23.00  0.00 17.00  0.00 26.00  0.00 5.28126 
4  19.00  0.00 21.00  0.00 17.00  0.00 23.00  0.00 10.19797 
4  18.00  0.00 19.00  0.00 17.00  0.00 20.00  0.00 24.03176 
4  27.00  0.00 36.00  0.00 18.00  0.00 45.00  0.00 3.69907 
4  26.00  0.00 34.00  0.00 18.00  0.00 42.00  0.00 3.07860 
4  25.00  0.00 32.00  0.00 18.00  0.00 39.00  0.00 3.07162 
4  24.00  0.00 30.00  0.00 18.00  0.00 36.00  0.00 3.55284 
4  23.00  0.00 28.00  0.00 18.00  0.00 33.00  0.00 3.60198 
4  22.00  0.00 26.00  0.00 18.00  0.00 30.00  0.00 3.66356 
4  21.00  0.00 24.00  0.00 18.00  0.00 27.00  0.00 4.65929 
4  20.00  0.00 22.00  0.00 18.00  0.00 24.00  0.00 9.17212 
4  19.00  0.00 20.00  0.00 18.00  0.00 21.00  0.00 22.98336 
4  28.00  0.00 37.00  0.00 19.00  0.00 46.00  0.00 4.33907 
4  27.00  0.00 35.00  0.00 19.00  0.00 43.00  0.00 3.35737 
4  26.00  0.00 33.00  0.00 19.00  0.00 40.00  0.00 3.01882 
4  25.00  0.00 31.00  0.00 19.00  0.00 37.00  0.00 3.36176 
4  24.00  0.00 29.00  0.00 19.00  0.00 34.00  0.00 3.59076 
4  23.00  0.00 27.00  0.00 19.00  0.00 31.00  0.00 3.70602 
4  22.00  0.00 25.00  0.00 19.00  0.00 28.00  0.00 4.37081 
4  21.00  0.00 23.00  0.00 19.00  0.00 25.00  0.00 7.98789 
4  20.00  0.00 21.00  0.00 19.00  0.00 22.00  0.00 19.98629 
4  29.00  0.00 38.00  0.00 20.00  0.00 47.00  0.00 5.03587 
4  28.00  0.00 36.00  0.00 20.00  0.00 44.00  0.00 3.92079 
4  27.00  0.00 34.00  0.00 20.00  0.00 41.00  0.00 3.16582 
4  26.00  0.00 32.00  0.00 20.00  0.00 38.00  0.00 3.18419 
4  25.00  0.00 30.00  0.00 20.00  0.00 35.00  0.00 3.54376 
4  24.00  0.00 28.00  0.00 20.00  0.00 32.00  0.00 3.83707 
4  23.00  0.00 26.00  0.00 20.00  0.00 29.00  0.00 4.47108 
4  22.00  0.00 24.00  0.00 20.00  0.00 26.00  0.00 6.74879 
4  21.00  0.00 22.00  0.00 20.00  0.00 23.00  0.00 19.33538 
4  29.00  0.00 37.00  0.00 21.00  0.00 45.00  0.00 4.70176 
4  28.00  0.00 35.00  0.00 21.00  0.00 42.00  0.00 3.47038 
4  27.00  0.00 33.00  0.00 21.00  0.00 39.00  0.00 3.12408 
4  26.00  0.00 31.00  0.00 21.00  0.00 36.00  0.00 3.40747 
4  25.00  0.00 29.00  0.00 21.00  0.00 33.00  0.00 3.66002 
4  24.00  0.00 27.00  0.00 21.00  0.00 30.00  0.00 4.57568 
4  23.00  0.00 25.00  0.00 21.00  0.00 27.00  0.00 6.61821 
4  22.00  0.00 23.00  0.00 21.00  0.00 24.00  0.00 16.69253 
4  30.00  0.00 38.00  0.00 22.00  0.00 46.00  0.00 5.50494 
4  29.00  0.00 36.00  0.00 22.00  0.00 43.00  0.00 4.22033 
4  28.00  0.00 34.00  0.00 22.00  0.00 40.00  0.00 3.27575 
4  27.00  0.00 32.00  0.00 22.00  0.00 37.00  0.00 3.26260 
4  26.00  0.00 30.00  0.00 22.00  0.00 34.00  0.00 3.61610 
4  25.00  0.00 28.00  0.00 22.00  0.00 31.00  0.00 4.40817 
4  24.00  0.00 26.00  0.00 22.00  0.00 28.00  0.00 6.82962 
4  23.00  0.00 24.00  0.00 22.00  0.00 25.00  0.00 16.38907 
4  31.00  0.00 39.00  0.00 23.00  0.00 47.00  0.00 6.40462 
4  30.00  0.00 37.00  0.00 23.00  0.00 44.00  0.00 5.08727 
4  29.00  0.00 35.00  0.00 23.00  0.00 41.00  0.00 3.65361 
4  28.00  0.00 33.00  0.00 23.00  0.00 38.00  0.00 3.26408 
4  27.00  0.00 31.00  0.00 23.00  0.00 35.00  0.00 3.47226 
4  26.00  0.00 29.00  0.00 23.00  0.00 32.00  0.00 4.19033 
4  25.00  0.00 27.00  0.00 23.00  0.00 29.00  0.00 6.94686 
4  24.00  0.00 25.00  0.00 23.00  0.00 26.00  0.00 16.80984 
4  31.00  0.00 38.00  0.00 24.00  0.00 45.00  0.00 6.08229 
4  30.00  0.00 36.00  0.00 24.00  0.00 42.00  0.00 4.49103 
4  29.00  0.00 34.00  0.00 24.00  0.00 39.00  0.00 3.53434 
4  28.00  0.00 32.00  0.00 24.00  0.00 36.00  0.00 3.33836 
4  27.00  0.00 30.00  0.00 24.00  0.00 33.00  0.00 4.23325 
4  26.00  0.00 28.00  0.00 24.00  0.00 30.00  0.00 7.06112 
4  25.00  0.00 26.00  0.00 24.00  0.00 27.00  0.00 17.43717 
4  32.00  0.00 39.00  0.00 25.00  0.00 46.00  0.00 7.27024 
4  31.00  0.00 37.00  0.00 25.00  0.00 43.00  0.00 5.66594 
4  30.00  0.00 35.00  0.00 25.00  0.00 40.00  0.00 3.95032 
4  29.00  0.00 33.00  0.00 25.00  0.00 37.00  0.00 3.56609 
4  28.00  0.00 31.00  0.00 25.00  0.00 34.00  0.00 4.08687 
4  27.00  0.00 29.00  0.00 25.00  0.00 31.00  0.00 6.70894 
4  26.00  0.00 27.00  0.00 25.00  0.00 28.00  0.00 16.83783 
4  33.00  0.00 40.00  0.00 26.00  0.00 47.00  0.00 8.09461 
4  32.00  0.00 38.00  0.00 26.00  0.00 44.00  0.00 6.90146 
4  31.00  0.00 36.00  0.00 26.00  0.00 41.00  0.00 4.96690 
4  30.00  0.00 34.00  0.00 26.00  0.00 38.00  0.00 3.99593 
4  29.00  0.00 32.00  0.00 26.00  0.00 35.00  0.00 4.00709 
4  28.00  0.00 30.00  0.00 26.00  0.00 32.00  0.00 7.18041 
4  27.00  0.00 28.00  0.00 26.00  0.00 29.00  0.00 20.34901 
4  33.00  0.00 39.00  0.00 27.00  0.00 45.00  0.00 8.20745 
4  32.00  0.00 37.00  0.00 27.00  0.00 42.00  0.00 6.43702 
4  31.00  0.00 35.00  0.00 27.00  0.00 39.00  0.00 4.60856 
4  30.00  0.00 33.00  0.00 27.00  0.00 36.00  0.00 4.28018 
4  29.00  0.00 31.00  0.00 27.00  0.00 33.00  0.00 8.13185 
4  28.00  0.00 29.00  0.00 27.00  0.00 30.00  0.00 21.16215 
4  34.00  0.00 40.00  0.00 28.00  0.00 46.00  0.00 9.12121 
4  33.00  0.00 38.00  0.00 28.00  0.00 43.00  0.00 7.90968 
4  32.00  0.00 36.00  0.00 28.00  0.00 40.00  0.00 6.01079 
4  31.00  0.00 34.00  0.00 28.00  0.00 37.00  0.00 5.07423 
4  30.00  0.00 32.00  0.00 28.00  0.00 34.00  0.00 8.46464 
4  29.00  0.00 30.00  0.00 28.00  0.00 31.00  0.00 23.71791 
4  35.00  0.00 41.00  0.00 29.00  0.00 47.00  0.00 9.76508 
4  34.00  0.00 39.00  0.00 29.00  0.00 44.00  0.00 9.31609 
4  33.00  0.00 37.00  0.00 29.00  0.00 41.00  0.00 7.51195 
4  32.00  0.00 35.00  0.00 29.00  0.00 38.00  0.00 6.36018 
4  31.00  0.00 33.00  0.00 29.00  0.00 35.00  0.00 7.44020 
4  30.00  0.00 31.00  0.00 29.00  0.00 32.00  0.00 27.87603 
4  35.00  0.00 40.00  0.00 30.00  0.00 45.00  0.00 10.32338 
4  34.00  0.00 38.00  0.00 30.00  0.00 42.00  0.00 9.12462 
4  33.00  0.00 36.00  0.00 30.00  0.00 39.00  0.00 8.10439 
4  32.00  0.00 34.00  0.00 30.00  0.00 36.00  0.00 8.85407 
4  31.00  0.00 32.00  0.00 30.00  0.00 33.00  0.00 27.43486 
4  36.00  0.00 41.00  0.00 31.00  0.00 46.00  0.00 10.89734 
4  35.00  0.00 39.00  0.00 31.00  0.00 43.00  0.00 10.89722 
4  34.00  0.00 37.00  0.00 31.00  0.00 40.00  0.00 9.70900 
4  33.00  0.00 35.00  0.00 31.00  0.00 37.00  0.00 10.67711 
4  32.00  0.00 33.00  0.00 31.00  0.00 34.00  0.00 27.51512 
4  37.00  0.00 42.00  0.00 32.00  0.00 47.00  0.00 10.60763 
4  36.00  0.00 40.00  0.00 32.00  0.00 44.00  0.00 11.75962 
4  35.00  0.00 38.00  0.00 32.00  0.00 41.00  0.00 11.14867 
4  34.00  0.00 36.00  0.00 32.00  0.00 38.00  0.00 13.50548 
4  33.00  0.00 34.00  0.00 32.00  0.00 35.00  0.00 26.70275 
4  37.00  0.00 41.00  0.00 33.00  0.00 45.00  0.00 12.44301 
4  36.00  0.00 39.00  0.00 33.00  0.00 42.00  0.00 13.27371 
4  35.00  0.00 37.00  0.00 33.00  0.00 39.00  0.00 14.81838 
4  34.00  0.00 35.00  0.00 33.00  0.00 36.00  0.00 25.47111 
4  38.00  0.00 42.00  0.00 34.00  0.00 46.00  0.00 12.35800 
4  37.00  0.00 40.00  0.00 34.00  0.00 43.00  0.00 14.88162 
4  36.00  0.00 38.00  0.00 34.00  0.00 40.00  0.00 16.82080 
4  35.00  0.00 36.00  0.00 34.00  0.00 37.00  0.00 26.11488 
4  39.00  0.00 43.00  0.00 35.00  0.00 47.00  0.00 12.15031 
4  38.00  0.00 41.00  0.00 35.00  0.00 44.00  0.00 16.33672 
4  37.00  0.00 39.00  0.00 35.00  0.00 41.00  0.00 19.98103 
4  36.00  0.00 37.00  0.00 35.00  0.00 38.00  0.00 31.17629 
4  39.00  0.00 42.00  0.00 36.00  0.00 45.00  0.00 16.23550 
4  38.00  0.00 40.00  0.00 36.00  0.00 42.00  0.00 23.93554 
4  37.00  0.00 38.00  0.00 36.00  0.00 39.00  0.00 39.19684 
4  40.00  0.00 43.00  0.00 37.00  0.00 46.00  0.00 16.95060 
4  39.00  0.00 41.00  0.00 37.00  0.00 43.00  0.00 27.59792 
4  38.00  0.00 39.00  0.00 37.00  0.00 40.00  0.00 50.92193 
4  41.00  0.00 44.00  0.00 38.00  0.00 47.00  0.00 17.76662 
4  40.00  0.00 42.00  0.00 38.00  0.00 44.00  0.00 27.47457 
4  39.00  0.00 40.00  0.00 38.00  0.00 41.00  0.00 55.52223 
4  41.00  0.00 43.00  0.00 39.00  0.00 45.00  0.00 29.34613 
4  40.00  0.00 41.00  0.00 39.00  0.00 42.00  0.00 65.38764 
4  42.00  0.00 44.00  0.00 40.00  0.00 46.00  0.00 33.05246 
4  41.00  0.00 42.00  0.00 40.00  0.00 43.00  0.00 60.36797 
4  43.00  0.00 45.00  0.00 41.00  0.00 47.00  0.00 34.83846 
4  42.00  0.00 43.00  0.00 41.00  0.00 44.00  0.00 68.91269 
4  43.00  0.00 44.00  0.00 42.00  0.00 45.00  0.00 70.85455 
4  44.00  0.00 45.00  0.00 43.00  0.00 46.00  0.00 72.15052 
4  45.00  0.00 46.00  0.00 44.00  0.00 47.00  0.00 71.90769 
0
0
0
0
