20230626Wen48RN1M.bin
         1.00
11
0
Type of measurement (0=app. resistivity,1=resistance)
1
684
 2
0
4  0.00  0.00 36.00  0.00 12.00  0.00 24.00  0.00 4.72530 
4  0.00  0.00 33.00  0.00 11.00  0.00 22.00  0.00 5.26277 
4  0.00  0.00 30.00  0.00 10.00  0.00 20.00  0.00 5.48835 
4  0.00  0.00 27.00  0.00 9.00  0.00 18.00  0.00 6.05233 
4  0.00  0.00 24.00  0.00 8.00  0.00 16.00  0.00 6.51441 
4  0.00  0.00 21.00  0.00 7.00  0.00 14.00  0.00 7.05283 
4  0.00  0.00 18.00  0.00 6.00  0.00 12.00  0.00 8.19430 
4  0.00  0.00 15.00  0.00 5.00  0.00 10.00  0.00 11.27359 
4  0.00  0.00 12.00  0.00 4.00  0.00 8.00  0.00 16.71794 
4  0.00  0.00 9.00  0.00 3.00  0.00 6.00  0.00 26.53193 
4  0.00  0.00 6.00  0.00 2.00  0.00 4.00  0.00 56.46479 
4  0.00  0.00 3.00  0.00 1.00  0.00 2.00  0.00 208.24675 
4  1.00  0.00 37.00  0.00 13.00  0.00 25.00  0.00 4.52503 
4  1.00  0.00 34.00  0.00 12.00  0.00 23.00  0.00 5.08051 
4  1.00  0.00 31.00  0.00 11.00  0.00 21.00  0.00 5.53368 
4  1.00  0.00 28.00  0.00 10.00  0.00 19.00  0.00 5.95460 
4  1.00  0.00 25.00  0.00 9.00  0.00 17.00  0.00 6.73212 
4  1.00  0.00 22.00  0.00 8.00  0.00 15.00  0.00 7.04427 
4  1.00  0.00 19.00  0.00 7.00  0.00 13.00  0.00 8.25267 
4  1.00  0.00 16.00  0.00 6.00  0.00 11.00  0.00 10.19362 
4  1.00  0.00 13.00  0.00 5.00  0.00 9.00  0.00 15.27372 
4  1.00  0.00 10.00  0.00 4.00  0.00 7.00  0.00 23.61931 
4  1.00  0.00 7.00  0.00 3.00  0.00 5.00  0.00 44.06148 
4  1.00  0.00 4.00  0.00 2.00  0.00 3.00  0.00 159.56012 
4  2.00  0.00 38.00  0.00 14.00  0.00 26.00  0.00 4.16018 
4  2.00  0.00 35.00  0.00 13.00  0.00 24.00  0.00 4.75429 
4  2.00  0.00 32.00  0.00 12.00  0.00 22.00  0.00 5.51462 
4  2.00  0.00 29.00  0.00 11.00  0.00 20.00  0.00 5.91941 
4  2.00  0.00 26.00  0.00 10.00  0.00 18.00  0.00 6.64828 
4  2.00  0.00 23.00  0.00 9.00  0.00 16.00  0.00 7.29908 
4  2.00  0.00 20.00  0.00 8.00  0.00 14.00  0.00 8.15932 
4  2.00  0.00 17.00  0.00 7.00  0.00 12.00  0.00 9.62761 
4  2.00  0.00 14.00  0.00 6.00  0.00 10.00  0.00 13.89519 
4  2.00  0.00 11.00  0.00 5.00  0.00 8.00  0.00 20.52204 
4  2.00  0.00 8.00  0.00 4.00  0.00 6.00  0.00 35.55406 
4  2.00  0.00 5.00  0.00 3.00  0.00 4.00  0.00 107.49558 
4  3.00  0.00 39.00  0.00 15.00  0.00 27.00  0.00 3.74091 
4  3.00  0.00 36.00  0.00 14.00  0.00 25.00  0.00 4.40320 
4  3.00  0.00 33.00  0.00 13.00  0.00 23.00  0.00 5.09815 
4  3.00  0.00 30.00  0.00 12.00  0.00 21.00  0.00 5.71047 
4  3.00  0.00 27.00  0.00 11.00  0.00 19.00  0.00 6.45125 
4  3.00  0.00 24.00  0.00 10.00  0.00 17.00  0.00 7.25753 
4  3.00  0.00 21.00  0.00 9.00  0.00 15.00  0.00 7.68997 
4  3.00  0.00 18.00  0.00 8.00  0.00 13.00  0.00 9.01858 
4  3.00  0.00 15.00  0.00 7.00  0.00 11.00  0.00 12.09947 
4  3.00  0.00 12.00  0.00 6.00  0.00 9.00  0.00 17.24895 
4  3.00  0.00 9.00  0.00 5.00  0.00 7.00  0.00 26.64376 
4  3.00  0.00 6.00  0.00 4.00  0.00 5.00  0.00 62.69941 
4  4.00  0.00 40.00  0.00 16.00  0.00 28.00  0.00 3.14414 
4  4.00  0.00 37.00  0.00 15.00  0.00 26.00  0.00 3.92081 
4  4.00  0.00 34.00  0.00 14.00  0.00 24.00  0.00 4.60468 
4  4.00  0.00 31.00  0.00 13.00  0.00 22.00  0.00 5.57588 
4  4.00  0.00 28.00  0.00 12.00  0.00 20.00  0.00 6.00948 
4  4.00  0.00 25.00  0.00 11.00  0.00 18.00  0.00 6.98445 
4  4.00  0.00 22.00  0.00 10.00  0.00 16.00  0.00 7.61383 
4  4.00  0.00 19.00  0.00 9.00  0.00 14.00  0.00 8.50892 
4  4.00  0.00 16.00  0.00 8.00  0.00 12.00  0.00 10.45814 
4  4.00  0.00 13.00  0.00 7.00  0.00 10.00  0.00 15.20834 
4  4.00  0.00 10.00  0.00 6.00  0.00 8.00  0.00 22.00886 
4  4.00  0.00 7.00  0.00 5.00  0.00 6.00  0.00 47.36690 
4  5.00  0.00 41.00  0.00 17.00  0.00 29.00  0.00 2.81892 
4  5.00  0.00 38.00  0.00 16.00  0.00 27.00  0.00 3.16356 
4  5.00  0.00 35.00  0.00 15.00  0.00 25.00  0.00 4.13116 
4  5.00  0.00 32.00  0.00 14.00  0.00 23.00  0.00 5.03605 
4  5.00  0.00 29.00  0.00 13.00  0.00 21.00  0.00 5.71693 
4  5.00  0.00 26.00  0.00 12.00  0.00 19.00  0.00 6.62081 
4  5.00  0.00 23.00  0.00 11.00  0.00 17.00  0.00 7.67334 
4  5.00  0.00 20.00  0.00 10.00  0.00 15.00  0.00 7.99420 
4  5.00  0.00 17.00  0.00 9.00  0.00 13.00  0.00 9.34289 
4  5.00  0.00 14.00  0.00 8.00  0.00 11.00  0.00 13.16697 
4  5.00  0.00 11.00  0.00 7.00  0.00 9.00  0.00 19.00013 
4  5.00  0.00 8.00  0.00 6.00  0.00 7.00  0.00 34.08045 
4  6.00  0.00 42.00  0.00 18.00  0.00 30.00  0.00 2.74655 
4  6.00  0.00 39.00  0.00 17.00  0.00 28.00  0.00 2.95667 
4  6.00  0.00 36.00  0.00 16.00  0.00 26.00  0.00 3.28031 
4  6.00  0.00 33.00  0.00 15.00  0.00 24.00  0.00 4.36237 
4  6.00  0.00 30.00  0.00 14.00  0.00 22.00  0.00 5.56117 
4  6.00  0.00 27.00  0.00 13.00  0.00 20.00  0.00 6.19802 
4  6.00  0.00 24.00  0.00 12.00  0.00 18.00  0.00 7.22457 
4  6.00  0.00 21.00  0.00 11.00  0.00 16.00  0.00 8.18096 
4  6.00  0.00 18.00  0.00 10.00  0.00 14.00  0.00 8.68734 
4  6.00  0.00 15.00  0.00 9.00  0.00 12.00  0.00 11.68121 
4  6.00  0.00 12.00  0.00 8.00  0.00 10.00  0.00 16.35433 
4  6.00  0.00 9.00  0.00 7.00  0.00 8.00  0.00 28.69648 
4  7.00  0.00 43.00  0.00 19.00  0.00 31.00  0.00 2.63390 
4  7.00  0.00 40.00  0.00 18.00  0.00 29.00  0.00 2.91143 
4  7.00  0.00 37.00  0.00 17.00  0.00 27.00  0.00 2.96002 
4  7.00  0.00 34.00  0.00 16.00  0.00 25.00  0.00 3.48890 
4  7.00  0.00 31.00  0.00 15.00  0.00 23.00  0.00 4.95563 
4  7.00  0.00 28.00  0.00 14.00  0.00 21.00  0.00 5.67069 
4  7.00  0.00 25.00  0.00 13.00  0.00 19.00  0.00 6.70296 
4  7.00  0.00 22.00  0.00 12.00  0.00 17.00  0.00 7.95428 
4  7.00  0.00 19.00  0.00 11.00  0.00 15.00  0.00 8.33667 
4  7.00  0.00 16.00  0.00 10.00  0.00 13.00  0.00 9.95834 
4  7.00  0.00 13.00  0.00 9.00  0.00 11.00  0.00 14.15534 
4  7.00  0.00 10.00  0.00 8.00  0.00 9.00  0.00 26.13750 
4  8.00  0.00 44.00  0.00 20.00  0.00 32.00  0.00 2.48388 
4  8.00  0.00 41.00  0.00 19.00  0.00 30.00  0.00 2.78500 
4  8.00  0.00 38.00  0.00 18.00  0.00 28.00  0.00 3.04857 
4  8.00  0.00 35.00  0.00 17.00  0.00 26.00  0.00 3.03183 
4  8.00  0.00 32.00  0.00 16.00  0.00 24.00  0.00 3.77268 
4  8.00  0.00 29.00  0.00 15.00  0.00 22.00  0.00 5.49612 
4  8.00  0.00 26.00  0.00 14.00  0.00 20.00  0.00 6.27547 
4  8.00  0.00 23.00  0.00 13.00  0.00 18.00  0.00 7.40072 
4  8.00  0.00 20.00  0.00 12.00  0.00 16.00  0.00 8.58097 
4  8.00  0.00 17.00  0.00 11.00  0.00 14.00  0.00 9.16702 
4  8.00  0.00 14.00  0.00 10.00  0.00 12.00  0.00 12.86907 
4  8.00  0.00 11.00  0.00 9.00  0.00 10.00  0.00 25.10979 
4  9.00  0.00 45.00  0.00 21.00  0.00 33.00  0.00 2.25480 
4  9.00  0.00 42.00  0.00 20.00  0.00 31.00  0.00 2.61895 
4  9.00  0.00 39.00  0.00 19.00  0.00 29.00  0.00 2.94223 
4  9.00  0.00 36.00  0.00 18.00  0.00 27.00  0.00 3.03420 
4  9.00  0.00 33.00  0.00 17.00  0.00 25.00  0.00 3.29128 
4  9.00  0.00 30.00  0.00 16.00  0.00 23.00  0.00 5.88373 
4  9.00  0.00 27.00  0.00 15.00  0.00 21.00  0.00 5.91041 
4  9.00  0.00 24.00  0.00 14.00  0.00 19.00  0.00 6.94271 
4  9.00  0.00 21.00  0.00 13.00  0.00 17.00  0.00 8.76239 
4  9.00  0.00 18.00  0.00 12.00  0.00 15.00  0.00 8.51183 
4  9.00  0.00 15.00  0.00 11.00  0.00 13.00  0.00 12.44188 
4  9.00  0.00 12.00  0.00 10.00  0.00 11.00  0.00 23.37925 
4  10.00  0.00 46.00  0.00 22.00  0.00 34.00  0.00 1.86414 
4  10.00  0.00 43.00  0.00 21.00  0.00 32.00  0.00 2.34717 
4  10.00  0.00 40.00  0.00 20.00  0.00 30.00  0.00 2.76074 
4  10.00  0.00 37.00  0.00 19.00  0.00 28.00  0.00 3.11707 
4  10.00  0.00 34.00  0.00 18.00  0.00 26.00  0.00 3.17741 
4  10.00  0.00 31.00  0.00 17.00  0.00 24.00  0.00 3.71079 
4  10.00  0.00 28.00  0.00 16.00  0.00 22.00  0.00 4.97053 
4  10.00  0.00 25.00  0.00 15.00  0.00 20.00  0.00 6.29709 
4  10.00  0.00 22.00  0.00 14.00  0.00 18.00  0.00 7.70104 
4  10.00  0.00 19.00  0.00 13.00  0.00 16.00  0.00 9.19715 
4  10.00  0.00 16.00  0.00 12.00  0.00 14.00  0.00 10.62101 
4  10.00  0.00 13.00  0.00 11.00  0.00 12.00  0.00 25.14796 
4  11.00  0.00 47.00  0.00 23.00  0.00 35.00  0.00 1.66184 
4  11.00  0.00 44.00  0.00 22.00  0.00 33.00  0.00 1.95337 
4  11.00  0.00 41.00  0.00 21.00  0.00 31.00  0.00 2.47927 
4  11.00  0.00 38.00  0.00 20.00  0.00 29.00  0.00 2.90064 
4  11.00  0.00 35.00  0.00 19.00  0.00 27.00  0.00 3.05169 
4  11.00  0.00 32.00  0.00 18.00  0.00 25.00  0.00 3.60124 
4  11.00  0.00 29.00  0.00 17.00  0.00 23.00  0.00 4.30515 
4  11.00  0.00 26.00  0.00 16.00  0.00 21.00  0.00 5.31543 
4  11.00  0.00 23.00  0.00 15.00  0.00 19.00  0.00 7.00174 
4  11.00  0.00 20.00  0.00 14.00  0.00 17.00  0.00 9.73560 
4  11.00  0.00 17.00  0.00 13.00  0.00 15.00  0.00 9.34002 
4  11.00  0.00 14.00  0.00 12.00  0.00 13.00  0.00 23.66365 
4  12.00  0.00 45.00  0.00 23.00  0.00 34.00  0.00 1.74899 
4  12.00  0.00 42.00  0.00 22.00  0.00 32.00  0.00 2.08865 
4  12.00  0.00 39.00  0.00 21.00  0.00 30.00  0.00 2.59504 
4  12.00  0.00 36.00  0.00 20.00  0.00 28.00  0.00 3.06655 
4  12.00  0.00 33.00  0.00 19.00  0.00 26.00  0.00 3.29384 
4  12.00  0.00 30.00  0.00 18.00  0.00 24.00  0.00 4.10543 
4  12.00  0.00 27.00  0.00 17.00  0.00 22.00  0.00 5.71171 
4  12.00  0.00 24.00  0.00 16.00  0.00 20.00  0.00 5.74722 
4  12.00  0.00 21.00  0.00 15.00  0.00 18.00  0.00 9.15425 
4  12.00  0.00 18.00  0.00 14.00  0.00 16.00  0.00 11.27649 
4  12.00  0.00 15.00  0.00 13.00  0.00 14.00  0.00 24.82219 
4  13.00  0.00 46.00  0.00 24.00  0.00 35.00  0.00 1.60396 
4  13.00  0.00 43.00  0.00 23.00  0.00 33.00  0.00 1.85474 
4  13.00  0.00 40.00  0.00 22.00  0.00 31.00  0.00 2.19404 
4  13.00  0.00 37.00  0.00 21.00  0.00 29.00  0.00 2.77067 
4  13.00  0.00 34.00  0.00 20.00  0.00 27.00  0.00 3.08626 
4  13.00  0.00 31.00  0.00 19.00  0.00 25.00  0.00 4.05305 
4  13.00  0.00 28.00  0.00 18.00  0.00 23.00  0.00 5.03239 
4  13.00  0.00 25.00  0.00 17.00  0.00 21.00  0.00 5.39535 
4  13.00  0.00 22.00  0.00 16.00  0.00 19.00  0.00 6.57386 
4  13.00  0.00 19.00  0.00 15.00  0.00 17.00  0.00 12.78095 
4  13.00  0.00 16.00  0.00 14.00  0.00 15.00  0.00 21.83771 
4  14.00  0.00 47.00  0.00 25.00  0.00 36.00  0.00 1.39575 
4  14.00  0.00 44.00  0.00 24.00  0.00 34.00  0.00 1.67009 
4  14.00  0.00 41.00  0.00 23.00  0.00 32.00  0.00 1.99910 
4  14.00  0.00 38.00  0.00 22.00  0.00 30.00  0.00 2.27566 
4  14.00  0.00 35.00  0.00 21.00  0.00 28.00  0.00 2.91404 
4  14.00  0.00 32.00  0.00 20.00  0.00 26.00  0.00 3.54609 
4  14.00  0.00 29.00  0.00 19.00  0.00 24.00  0.00 4.62658 
4  14.00  0.00 26.00  0.00 18.00  0.00 22.00  0.00 7.19579 
4  14.00  0.00 23.00  0.00 17.00  0.00 20.00  0.00 5.78000 
4  14.00  0.00 20.00  0.00 16.00  0.00 18.00  0.00 10.82030 
4  14.00  0.00 17.00  0.00 15.00  0.00 16.00  0.00 31.08275 
4  15.00  0.00 45.00  0.00 25.00  0.00 35.00  0.00 1.47372 
4  15.00  0.00 42.00  0.00 24.00  0.00 33.00  0.00 1.83500 
4  15.00  0.00 39.00  0.00 23.00  0.00 31.00  0.00 2.07619 
4  15.00  0.00 36.00  0.00 22.00  0.00 29.00  0.00 2.39643 
4  15.00  0.00 33.00  0.00 21.00  0.00 27.00  0.00 3.00851 
4  15.00  0.00 30.00  0.00 20.00  0.00 25.00  0.00 4.48211 
4  15.00  0.00 27.00  0.00 19.00  0.00 23.00  0.00 7.03620 
4  15.00  0.00 24.00  0.00 18.00  0.00 21.00  0.00 6.95049 
4  15.00  0.00 21.00  0.00 17.00  0.00 19.00  0.00 10.04775 
4  15.00  0.00 18.00  0.00 16.00  0.00 17.00  0.00 29.41646 
4  16.00  0.00 46.00  0.00 26.00  0.00 36.00  0.00 1.35820 
4  16.00  0.00 43.00  0.00 25.00  0.00 34.00  0.00 1.59926 
4  16.00  0.00 40.00  0.00 24.00  0.00 32.00  0.00 2.05233 
4  16.00  0.00 37.00  0.00 23.00  0.00 30.00  0.00 2.27383 
4  16.00  0.00 34.00  0.00 22.00  0.00 28.00  0.00 2.82542 
4  16.00  0.00 31.00  0.00 21.00  0.00 26.00  0.00 4.07156 
4  16.00  0.00 28.00  0.00 20.00  0.00 24.00  0.00 5.85783 
4  16.00  0.00 25.00  0.00 19.00  0.00 22.00  0.00 9.91754 
4  16.00  0.00 22.00  0.00 18.00  0.00 20.00  0.00 9.38344 
4  16.00  0.00 19.00  0.00 17.00  0.00 18.00  0.00 36.69695 
4  17.00  0.00 47.00  0.00 27.00  0.00 37.00  0.00 1.37466 
4  17.00  0.00 44.00  0.00 26.00  0.00 35.00  0.00 1.65246 
4  17.00  0.00 41.00  0.00 25.00  0.00 33.00  0.00 2.06448 
4  17.00  0.00 38.00  0.00 24.00  0.00 31.00  0.00 2.47905 
4  17.00  0.00 35.00  0.00 23.00  0.00 29.00  0.00 2.80566 
4  17.00  0.00 32.00  0.00 22.00  0.00 27.00  0.00 3.64345 
4  17.00  0.00 29.00  0.00 21.00  0.00 25.00  0.00 6.22552 
4  17.00  0.00 26.00  0.00 20.00  0.00 23.00  0.00 11.15849 
4  17.00  0.00 23.00  0.00 19.00  0.00 21.00  0.00 11.90159 
4  17.00  0.00 20.00  0.00 18.00  0.00 19.00  0.00 41.75380 
4  18.00  0.00 45.00  0.00 27.00  0.00 36.00  0.00 1.67039 
4  18.00  0.00 42.00  0.00 26.00  0.00 34.00  0.00 2.08684 
4  18.00  0.00 39.00  0.00 25.00  0.00 32.00  0.00 2.52945 
4  18.00  0.00 36.00  0.00 24.00  0.00 30.00  0.00 2.98329 
4  18.00  0.00 33.00  0.00 23.00  0.00 28.00  0.00 3.90034 
4  18.00  0.00 30.00  0.00 22.00  0.00 26.00  0.00 5.16687 
4  18.00  0.00 27.00  0.00 21.00  0.00 24.00  0.00 10.52016 
4  18.00  0.00 24.00  0.00 20.00  0.00 22.00  0.00 18.29170 
4  18.00  0.00 21.00  0.00 19.00  0.00 20.00  0.00 42.15422 
4  19.00  0.00 46.00  0.00 28.00  0.00 37.00  0.00 1.53130 
4  19.00  0.00 43.00  0.00 27.00  0.00 35.00  0.00 2.04746 
4  19.00  0.00 40.00  0.00 26.00  0.00 33.00  0.00 2.67171 
4  19.00  0.00 37.00  0.00 25.00  0.00 31.00  0.00 3.09110 
4  19.00  0.00 34.00  0.00 24.00  0.00 29.00  0.00 3.99577 
4  19.00  0.00 31.00  0.00 23.00  0.00 27.00  0.00 5.35757 
4  19.00  0.00 28.00  0.00 22.00  0.00 25.00  0.00 8.20304 
4  19.00  0.00 25.00  0.00 21.00  0.00 23.00  0.00 18.26038 
4  19.00  0.00 22.00  0.00 20.00  0.00 21.00  0.00 37.36323 
4  20.00  0.00 47.00  0.00 29.00  0.00 38.00  0.00 1.53808 
4  20.00  0.00 44.00  0.00 28.00  0.00 36.00  0.00 1.81842 
4  20.00  0.00 41.00  0.00 27.00  0.00 34.00  0.00 2.60694 
4  20.00  0.00 38.00  0.00 26.00  0.00 32.00  0.00 3.30854 
4  20.00  0.00 35.00  0.00 25.00  0.00 30.00  0.00 3.77221 
4  20.00  0.00 32.00  0.00 24.00  0.00 28.00  0.00 6.34458 
4  20.00  0.00 29.00  0.00 23.00  0.00 26.00  0.00 7.67505 
4  20.00  0.00 26.00  0.00 22.00  0.00 24.00  0.00 13.90805 
4  20.00  0.00 23.00  0.00 21.00  0.00 22.00  0.00 46.28319 
4  21.00  0.00 45.00  0.00 29.00  0.00 37.00  0.00 1.84073 
4  21.00  0.00 42.00  0.00 28.00  0.00 35.00  0.00 2.34794 
4  21.00  0.00 39.00  0.00 27.00  0.00 33.00  0.00 3.45324 
4  21.00  0.00 36.00  0.00 26.00  0.00 31.00  0.00 4.24296 
4  21.00  0.00 33.00  0.00 25.00  0.00 29.00  0.00 5.80435 
4  21.00  0.00 30.00  0.00 24.00  0.00 27.00  0.00 8.89576 
4  21.00  0.00 27.00  0.00 23.00  0.00 25.00  0.00 16.31099 
4  21.00  0.00 24.00  0.00 22.00  0.00 23.00  0.00 31.77833 
4  22.00  0.00 46.00  0.00 30.00  0.00 38.00  0.00 1.99053 
4  22.00  0.00 43.00  0.00 29.00  0.00 36.00  0.00 2.43894 
4  22.00  0.00 40.00  0.00 28.00  0.00 34.00  0.00 3.32737 
4  22.00  0.00 37.00  0.00 27.00  0.00 32.00  0.00 5.15335 
4  22.00  0.00 34.00  0.00 26.00  0.00 30.00  0.00 7.04282 
4  22.00  0.00 31.00  0.00 25.00  0.00 28.00  0.00 12.25592 
4  22.00  0.00 28.00  0.00 24.00  0.00 26.00  0.00 16.87823 
4  22.00  0.00 25.00  0.00 23.00  0.00 24.00  0.00 32.65800 
4  23.00  0.00 47.00  0.00 31.00  0.00 39.00  0.00 1.87718 
4  23.00  0.00 44.00  0.00 30.00  0.00 37.00  0.00 2.32529 
4  23.00  0.00 41.00  0.00 29.00  0.00 35.00  0.00 3.12149 
4  23.00  0.00 38.00  0.00 28.00  0.00 33.00  0.00 4.32695 
4  23.00  0.00 35.00  0.00 27.00  0.00 31.00  0.00 6.74551 
4  23.00  0.00 32.00  0.00 26.00  0.00 29.00  0.00 11.76764 
4  23.00  0.00 29.00  0.00 25.00  0.00 27.00  0.00 16.72396 
4  23.00  0.00 26.00  0.00 24.00  0.00 25.00  0.00 47.61075 
4  24.00  0.00 45.00  0.00 31.00  0.00 38.00  0.00 2.18279 
4  24.00  0.00 42.00  0.00 30.00  0.00 36.00  0.00 2.89612 
4  24.00  0.00 39.00  0.00 29.00  0.00 34.00  0.00 3.93689 
4  24.00  0.00 36.00  0.00 28.00  0.00 32.00  0.00 5.38929 
4  24.00  0.00 33.00  0.00 27.00  0.00 30.00  0.00 10.27713 
4  24.00  0.00 30.00  0.00 26.00  0.00 28.00  0.00 21.34738 
4  24.00  0.00 27.00  0.00 25.00  0.00 26.00  0.00 43.63906 
4  25.00  0.00 46.00  0.00 32.00  0.00 39.00  0.00 2.00978 
4  25.00  0.00 43.00  0.00 31.00  0.00 37.00  0.00 2.72953 
4  25.00  0.00 40.00  0.00 30.00  0.00 35.00  0.00 3.95848 
4  25.00  0.00 37.00  0.00 29.00  0.00 33.00  0.00 5.59272 
4  25.00  0.00 34.00  0.00 28.00  0.00 31.00  0.00 8.54675 
4  25.00  0.00 31.00  0.00 27.00  0.00 29.00  0.00 22.82350 
4  25.00  0.00 28.00  0.00 26.00  0.00 27.00  0.00 51.77198 
4  26.00  0.00 47.00  0.00 33.00  0.00 40.00  0.00 1.74630 
4  26.00  0.00 44.00  0.00 32.00  0.00 38.00  0.00 2.35183 
4  26.00  0.00 41.00  0.00 31.00  0.00 36.00  0.00 3.54381 
4  26.00  0.00 38.00  0.00 30.00  0.00 34.00  0.00 5.13387 
4  26.00  0.00 35.00  0.00 29.00  0.00 32.00  0.00 7.30768 
4  26.00  0.00 32.00  0.00 28.00  0.00 30.00  0.00 15.83705 
4  26.00  0.00 29.00  0.00 27.00  0.00 28.00  0.00 70.04654 
4  27.00  0.00 45.00  0.00 33.00  0.00 39.00  0.00 2.10733 
4  27.00  0.00 42.00  0.00 32.00  0.00 37.00  0.00 3.13877 
4  27.00  0.00 39.00  0.00 31.00  0.00 35.00  0.00 5.00345 
4  27.00  0.00 36.00  0.00 30.00  0.00 33.00  0.00 7.47590 
4  27.00  0.00 33.00  0.00 29.00  0.00 31.00  0.00 15.35664 
4  27.00  0.00 30.00  0.00 28.00  0.00 29.00  0.00 91.23314 
4  28.00  0.00 46.00  0.00 34.00  0.00 40.00  0.00 2.21228 
4  28.00  0.00 43.00  0.00 33.00  0.00 38.00  0.00 2.92259 
4  28.00  0.00 40.00  0.00 32.00  0.00 36.00  0.00 5.09253 
4  28.00  0.00 37.00  0.00 31.00  0.00 34.00  0.00 8.58808 
4  28.00  0.00 34.00  0.00 30.00  0.00 32.00  0.00 18.28540 
4  28.00  0.00 31.00  0.00 29.00  0.00 30.00  0.00 86.13445 
4  29.00  0.00 47.00  0.00 35.00  0.00 41.00  0.00 2.10526 
4  29.00  0.00 44.00  0.00 34.00  0.00 39.00  0.00 2.65496 
4  29.00  0.00 41.00  0.00 33.00  0.00 37.00  0.00 3.97538 
4  29.00  0.00 38.00  0.00 32.00  0.00 35.00  0.00 7.35430 
4  29.00  0.00 35.00  0.00 31.00  0.00 33.00  0.00 16.38615 
4  29.00  0.00 32.00  0.00 30.00  0.00 31.00  0.00 98.49131 
4  30.00  0.00 45.00  0.00 35.00  0.00 40.00  0.00 2.39733 
4  30.00  0.00 42.00  0.00 34.00  0.00 38.00  0.00 3.72621 
4  30.00  0.00 39.00  0.00 33.00  0.00 36.00  0.00 6.15002 
4  30.00  0.00 36.00  0.00 32.00  0.00 34.00  0.00 12.90975 
4  30.00  0.00 33.00  0.00 31.00  0.00 32.00  0.00 89.34352 
4  31.00  0.00 46.00  0.00 36.00  0.00 41.00  0.00 2.59867 
4  31.00  0.00 43.00  0.00 35.00  0.00 39.00  0.00 3.16390 
4  31.00  0.00 40.00  0.00 34.00  0.00 37.00  0.00 6.18403 
4  31.00  0.00 37.00  0.00 33.00  0.00 35.00  0.00 12.02673 
4  31.00  0.00 34.00  0.00 32.00  0.00 33.00  0.00 102.35811 
4  32.00  0.00 47.00  0.00 37.00  0.00 42.00  0.00 2.75093 
4  32.00  0.00 44.00  0.00 36.00  0.00 40.00  0.00 3.11091 
4  32.00  0.00 41.00  0.00 35.00  0.00 38.00  0.00 4.93608 
4  32.00  0.00 38.00  0.00 34.00  0.00 36.00  0.00 13.22529 
4  32.00  0.00 35.00  0.00 33.00  0.00 34.00  0.00 55.35827 
4  33.00  0.00 45.00  0.00 37.00  0.00 41.00  0.00 3.49470 
4  33.00  0.00 42.00  0.00 36.00  0.00 39.00  0.00 4.78476 
4  33.00  0.00 39.00  0.00 35.00  0.00 37.00  0.00 9.59207 
4  33.00  0.00 36.00  0.00 34.00  0.00 35.00  0.00 82.88029 
4  34.00  0.00 46.00  0.00 38.00  0.00 42.00  0.00 3.43736 
4  34.00  0.00 43.00  0.00 37.00  0.00 40.00  0.00 4.61214 
4  34.00  0.00 40.00  0.00 36.00  0.00 38.00  0.00 8.76266 
4  34.00  0.00 37.00  0.00 35.00  0.00 36.00  0.00 43.36998 
4  35.00  0.00 47.00  0.00 39.00  0.00 43.00  0.00 3.56223 
4  35.00  0.00 44.00  0.00 38.00  0.00 41.00  0.00 4.80513 
4  35.00  0.00 41.00  0.00 37.00  0.00 39.00  0.00 8.69265 
4  35.00  0.00 38.00  0.00 36.00  0.00 37.00  0.00 34.52863 
4  36.00  0.00 45.00  0.00 39.00  0.00 42.00  0.00 5.10949 
4  36.00  0.00 42.00  0.00 38.00  0.00 40.00  0.00 9.42443 
4  36.00  0.00 39.00  0.00 37.00  0.00 38.00  0.00 35.45453 
4  37.00  0.00 46.00  0.00 40.00  0.00 43.00  0.00 5.55332 
4  37.00  0.00 43.00  0.00 39.00  0.00 41.00  0.00 9.14220 
4  37.00  0.00 40.00  0.00 38.00  0.00 39.00  0.00 37.37749 
4  38.00  0.00 47.00  0.00 41.00  0.00 44.00  0.00 4.88630 
4  38.00  0.00 44.00  0.00 40.00  0.00 42.00  0.00 8.97138 
4  38.00  0.00 41.00  0.00 39.00  0.00 40.00  0.00 25.33904 
4  39.00  0.00 45.00  0.00 41.00  0.00 43.00  0.00 8.57911 
4  39.00  0.00 42.00  0.00 40.00  0.00 41.00  0.00 27.92134 
4  40.00  0.00 46.00  0.00 42.00  0.00 44.00  0.00 7.83000 
4  40.00  0.00 43.00  0.00 41.00  0.00 42.00  0.00 20.00236 
4  41.00  0.00 47.00  0.00 43.00  0.00 45.00  0.00 6.39983 
4  41.00  0.00 44.00  0.00 42.00  0.00 43.00  0.00 18.58558 
4  42.00  0.00 45.00  0.00 43.00  0.00 44.00  0.00 15.31268 
4  43.00  0.00 46.00  0.00 44.00  0.00 45.00  0.00 9.65033 
4  44.00  0.00 47.00  0.00 45.00  0.00 46.00  0.00 10.94914 
4  12.00  0.00 24.00  0.00 0.00  0.00 36.00  0.00 4.72954 
4  11.00  0.00 22.00  0.00 0.00  0.00 33.00  0.00 5.26635 
4  10.00  0.00 20.00  0.00 0.00  0.00 30.00  0.00 5.48885 
4  9.00  0.00 18.00  0.00 0.00  0.00 27.00  0.00 6.05370 
4  8.00  0.00 16.00  0.00 0.00  0.00 24.00  0.00 6.51192 
4  7.00  0.00 14.00  0.00 0.00  0.00 21.00  0.00 7.05446 
4  6.00  0.00 12.00  0.00 0.00  0.00 18.00  0.00 8.19575 
4  5.00  0.00 10.00  0.00 0.00  0.00 15.00  0.00 11.27154 
4  4.00  0.00 8.00  0.00 0.00  0.00 12.00  0.00 16.71476 
4  3.00  0.00 6.00  0.00 0.00  0.00 9.00  0.00 26.51916 
4  2.00  0.00 4.00  0.00 0.00  0.00 6.00  0.00 56.33838 
4  1.00  0.00 2.00  0.00 0.00  0.00 3.00  0.00 208.25776 
4  13.00  0.00 25.00  0.00 1.00  0.00 37.00  0.00 4.50552 
4  12.00  0.00 23.00  0.00 1.00  0.00 34.00  0.00 5.08647 
4  11.00  0.00 21.00  0.00 1.00  0.00 31.00  0.00 5.53885 
4  10.00  0.00 19.00  0.00 1.00  0.00 28.00  0.00 5.95748 
4  9.00  0.00 17.00  0.00 1.00  0.00 25.00  0.00 6.73284 
4  8.00  0.00 15.00  0.00 1.00  0.00 22.00  0.00 7.04478 
4  7.00  0.00 13.00  0.00 1.00  0.00 19.00  0.00 8.25691 
4  6.00  0.00 11.00  0.00 1.00  0.00 16.00  0.00 10.20024 
4  5.00  0.00 9.00  0.00 1.00  0.00 13.00  0.00 15.27270 
4  4.00  0.00 7.00  0.00 1.00  0.00 10.00  0.00 23.62209 
4  3.00  0.00 5.00  0.00 1.00  0.00 7.00  0.00 44.04890 
4  2.00  0.00 3.00  0.00 1.00  0.00 4.00  0.00 159.42453 
4  14.00  0.00 26.00  0.00 2.00  0.00 38.00  0.00 4.12692 
4  13.00  0.00 24.00  0.00 2.00  0.00 35.00  0.00 4.75373 
4  12.00  0.00 22.00  0.00 2.00  0.00 32.00  0.00 5.51490 
4  11.00  0.00 20.00  0.00 2.00  0.00 29.00  0.00 5.91963 
4  10.00  0.00 18.00  0.00 2.00  0.00 26.00  0.00 6.64837 
4  9.00  0.00 16.00  0.00 2.00  0.00 23.00  0.00 7.29540 
4  8.00  0.00 14.00  0.00 2.00  0.00 20.00  0.00 8.15607 
4  7.00  0.00 12.00  0.00 2.00  0.00 17.00  0.00 9.62493 
4  6.00  0.00 10.00  0.00 2.00  0.00 14.00  0.00 13.88772 
4  5.00  0.00 8.00  0.00 2.00  0.00 11.00  0.00 20.49798 
4  4.00  0.00 6.00  0.00 2.00  0.00 8.00  0.00 35.47530 
4  3.00  0.00 4.00  0.00 2.00  0.00 5.00  0.00 107.23988 
4  15.00  0.00 27.00  0.00 3.00  0.00 39.00  0.00 3.72145 
4  14.00  0.00 25.00  0.00 3.00  0.00 36.00  0.00 4.40381 
4  13.00  0.00 23.00  0.00 3.00  0.00 33.00  0.00 5.09663 
4  12.00  0.00 21.00  0.00 3.00  0.00 30.00  0.00 5.70998 
4  11.00  0.00 19.00  0.00 3.00  0.00 27.00  0.00 6.44988 
4  10.00  0.00 17.00  0.00 3.00  0.00 24.00  0.00 7.25939 
4  9.00  0.00 15.00  0.00 3.00  0.00 21.00  0.00 7.68570 
4  8.00  0.00 13.00  0.00 3.00  0.00 18.00  0.00 9.01942 
4  7.00  0.00 11.00  0.00 3.00  0.00 15.00  0.00 12.09850 
4  6.00  0.00 9.00  0.00 3.00  0.00 12.00  0.00 17.24954 
4  5.00  0.00 7.00  0.00 3.00  0.00 9.00  0.00 26.60004 
4  4.00  0.00 5.00  0.00 3.00  0.00 6.00  0.00 62.54324 
4  16.00  0.00 28.00  0.00 4.00  0.00 40.00  0.00 3.12576 
4  15.00  0.00 26.00  0.00 4.00  0.00 37.00  0.00 3.92575 
4  14.00  0.00 24.00  0.00 4.00  0.00 34.00  0.00 4.60500 
4  13.00  0.00 22.00  0.00 4.00  0.00 31.00  0.00 5.57962 
4  12.00  0.00 20.00  0.00 4.00  0.00 28.00  0.00 6.01090 
4  11.00  0.00 18.00  0.00 4.00  0.00 25.00  0.00 6.98343 
4  10.00  0.00 16.00  0.00 4.00  0.00 22.00  0.00 7.61380 
4  9.00  0.00 14.00  0.00 4.00  0.00 19.00  0.00 8.51534 
4  8.00  0.00 12.00  0.00 4.00  0.00 16.00  0.00 10.46157 
4  7.00  0.00 10.00  0.00 4.00  0.00 13.00  0.00 15.20947 
4  6.00  0.00 8.00  0.00 4.00  0.00 10.00  0.00 21.98935 
4  5.00  0.00 6.00  0.00 4.00  0.00 7.00  0.00 47.28076 
4  17.00  0.00 29.00  0.00 5.00  0.00 41.00  0.00 2.78623 
4  16.00  0.00 27.00  0.00 5.00  0.00 38.00  0.00 3.16149 
4  15.00  0.00 25.00  0.00 5.00  0.00 35.00  0.00 4.13454 
4  14.00  0.00 23.00  0.00 5.00  0.00 32.00  0.00 5.04011 
4  13.00  0.00 21.00  0.00 5.00  0.00 29.00  0.00 5.71304 
4  12.00  0.00 19.00  0.00 5.00  0.00 26.00  0.00 6.61894 
4  11.00  0.00 17.00  0.00 5.00  0.00 23.00  0.00 7.67533 
4  10.00  0.00 15.00  0.00 5.00  0.00 20.00  0.00 7.99521 
4  9.00  0.00 13.00  0.00 5.00  0.00 17.00  0.00 9.34452 
4  8.00  0.00 11.00  0.00 5.00  0.00 14.00  0.00 13.16611 
4  7.00  0.00 9.00  0.00 5.00  0.00 11.00  0.00 18.96753 
4  6.00  0.00 7.00  0.00 5.00  0.00 8.00  0.00 34.01238 
4  18.00  0.00 30.00  0.00 6.00  0.00 42.00  0.00 2.70935 
4  17.00  0.00 28.00  0.00 6.00  0.00 39.00  0.00 2.95550 
4  16.00  0.00 26.00  0.00 6.00  0.00 36.00  0.00 3.27811 
4  15.00  0.00 24.00  0.00 6.00  0.00 33.00  0.00 4.36188 
4  14.00  0.00 22.00  0.00 6.00  0.00 30.00  0.00 5.55999 
4  13.00  0.00 20.00  0.00 6.00  0.00 27.00  0.00 6.19890 
4  12.00  0.00 18.00  0.00 6.00  0.00 24.00  0.00 7.22547 
4  11.00  0.00 16.00  0.00 6.00  0.00 21.00  0.00 8.18026 
4  10.00  0.00 14.00  0.00 6.00  0.00 18.00  0.00 8.68672 
4  9.00  0.00 12.00  0.00 6.00  0.00 15.00  0.00 11.68196 
4  8.00  0.00 10.00  0.00 6.00  0.00 12.00  0.00 16.31757 
4  7.00  0.00 8.00  0.00 6.00  0.00 9.00  0.00 28.61630 
4  19.00  0.00 31.00  0.00 7.00  0.00 43.00  0.00 2.60608 
4  18.00  0.00 29.00  0.00 7.00  0.00 40.00  0.00 2.91271 
4  17.00  0.00 27.00  0.00 7.00  0.00 37.00  0.00 2.96223 
4  16.00  0.00 25.00  0.00 7.00  0.00 34.00  0.00 3.48243 
4  15.00  0.00 23.00  0.00 7.00  0.00 31.00  0.00 4.95187 
4  14.00  0.00 21.00  0.00 7.00  0.00 28.00  0.00 5.67192 
4  13.00  0.00 19.00  0.00 7.00  0.00 25.00  0.00 6.70625 
4  12.00  0.00 17.00  0.00 7.00  0.00 22.00  0.00 7.95384 
4  11.00  0.00 15.00  0.00 7.00  0.00 19.00  0.00 8.33601 
4  10.00  0.00 13.00  0.00 7.00  0.00 16.00  0.00 9.96974 
4  9.00  0.00 11.00  0.00 7.00  0.00 13.00  0.00 14.13679 
4  8.00  0.00 9.00  0.00 7.00  0.00 10.00  0.00 26.14182 
4  20.00  0.00 32.00  0.00 8.00  0.00 44.00  0.00 2.46903 
4  19.00  0.00 30.00  0.00 8.00  0.00 41.00  0.00 2.78788 
4  18.00  0.00 28.00  0.00 8.00  0.00 38.00  0.00 3.04775 
4  17.00  0.00 26.00  0.00 8.00  0.00 35.00  0.00 3.02928 
4  16.00  0.00 24.00  0.00 8.00  0.00 32.00  0.00 3.76429 
4  15.00  0.00 22.00  0.00 8.00  0.00 29.00  0.00 5.49841 
4  14.00  0.00 20.00  0.00 8.00  0.00 26.00  0.00 6.27480 
4  13.00  0.00 18.00  0.00 8.00  0.00 23.00  0.00 7.39882 
4  12.00  0.00 16.00  0.00 8.00  0.00 20.00  0.00 8.58727 
4  11.00  0.00 14.00  0.00 8.00  0.00 17.00  0.00 9.16329 
4  10.00  0.00 12.00  0.00 8.00  0.00 14.00  0.00 12.83499 
4  9.00  0.00 10.00  0.00 8.00  0.00 11.00  0.00 25.03487 
4  21.00  0.00 33.00  0.00 9.00  0.00 45.00  0.00 2.22381 
4  20.00  0.00 31.00  0.00 9.00  0.00 42.00  0.00 2.61767 
4  19.00  0.00 29.00  0.00 9.00  0.00 39.00  0.00 2.94207 
4  18.00  0.00 27.00  0.00 9.00  0.00 36.00  0.00 3.03221 
4  17.00  0.00 25.00  0.00 9.00  0.00 33.00  0.00 3.28783 
4  16.00  0.00 23.00  0.00 9.00  0.00 30.00  0.00 5.21794 
4  15.00  0.00 21.00  0.00 9.00  0.00 27.00  0.00 5.90416 
4  14.00  0.00 19.00  0.00 9.00  0.00 24.00  0.00 6.94221 
4  13.00  0.00 17.00  0.00 9.00  0.00 21.00  0.00 8.76901 
4  12.00  0.00 15.00  0.00 9.00  0.00 18.00  0.00 8.51855 
4  11.00  0.00 13.00  0.00 9.00  0.00 15.00  0.00 12.41153 
4  10.00  0.00 11.00  0.00 9.00  0.00 12.00  0.00 23.42063 
4  22.00  0.00 34.00  0.00 10.00  0.00 46.00  0.00 1.84105 
4  21.00  0.00 32.00  0.00 10.00  0.00 43.00  0.00 2.34854 
4  20.00  0.00 30.00  0.00 10.00  0.00 40.00  0.00 2.76750 
4  19.00  0.00 28.00  0.00 10.00  0.00 37.00  0.00 3.11685 
4  18.00  0.00 26.00  0.00 10.00  0.00 34.00  0.00 3.17866 
4  17.00  0.00 24.00  0.00 10.00  0.00 31.00  0.00 3.71173 
4  16.00  0.00 22.00  0.00 10.00  0.00 28.00  0.00 4.96447 
4  15.00  0.00 20.00  0.00 10.00  0.00 25.00  0.00 6.29818 
4  14.00  0.00 18.00  0.00 10.00  0.00 22.00  0.00 7.69526 
4  13.00  0.00 16.00  0.00 10.00  0.00 19.00  0.00 9.20080 
4  12.00  0.00 14.00  0.00 10.00  0.00 16.00  0.00 10.59665 
4  11.00  0.00 12.00  0.00 10.00  0.00 13.00  0.00 25.10783 
4  23.00  0.00 35.00  0.00 11.00  0.00 47.00  0.00 1.62896 
4  22.00  0.00 33.00  0.00 11.00  0.00 44.00  0.00 1.95635 
4  21.00  0.00 31.00  0.00 11.00  0.00 41.00  0.00 2.48411 
4  20.00  0.00 29.00  0.00 11.00  0.00 38.00  0.00 2.90379 
4  19.00  0.00 27.00  0.00 11.00  0.00 35.00  0.00 3.05217 
4  18.00  0.00 25.00  0.00 11.00  0.00 32.00  0.00 3.60148 
4  17.00  0.00 23.00  0.00 11.00  0.00 29.00  0.00 4.30388 
4  16.00  0.00 21.00  0.00 11.00  0.00 26.00  0.00 5.30888 
4  15.00  0.00 19.00  0.00 11.00  0.00 23.00  0.00 7.00197 
4  14.00  0.00 17.00  0.00 11.00  0.00 20.00  0.00 9.73549 
4  13.00  0.00 15.00  0.00 11.00  0.00 17.00  0.00 9.30737 
4  12.00  0.00 13.00  0.00 11.00  0.00 14.00  0.00 23.64375 
4  23.00  0.00 34.00  0.00 12.00  0.00 45.00  0.00 1.71483 
4  22.00  0.00 32.00  0.00 12.00  0.00 42.00  0.00 2.08765 
4  21.00  0.00 30.00  0.00 12.00  0.00 39.00  0.00 2.59899 
4  20.00  0.00 28.00  0.00 12.00  0.00 36.00  0.00 3.06845 
4  19.00  0.00 26.00  0.00 12.00  0.00 33.00  0.00 3.29234 
4  18.00  0.00 24.00  0.00 12.00  0.00 30.00  0.00 4.10435 
4  17.00  0.00 22.00  0.00 12.00  0.00 27.00  0.00 5.70923 
4  16.00  0.00 20.00  0.00 12.00  0.00 24.00  0.00 5.74547 
4  15.00  0.00 18.00  0.00 12.00  0.00 21.00  0.00 9.15370 
4  14.00  0.00 16.00  0.00 12.00  0.00 18.00  0.00 11.24202 
4  13.00  0.00 14.00  0.00 12.00  0.00 15.00  0.00 24.80276 
4  24.00  0.00 35.00  0.00 13.00  0.00 46.00  0.00 1.58164 
4  23.00  0.00 33.00  0.00 13.00  0.00 43.00  0.00 1.85433 
4  22.00  0.00 31.00  0.00 13.00  0.00 40.00  0.00 2.19662 
4  21.00  0.00 29.00  0.00 13.00  0.00 37.00  0.00 2.77201 
4  20.00  0.00 27.00  0.00 13.00  0.00 34.00  0.00 3.08650 
4  19.00  0.00 25.00  0.00 13.00  0.00 31.00  0.00 4.05125 
4  18.00  0.00 23.00  0.00 13.00  0.00 28.00  0.00 5.03316 
4  17.00  0.00 21.00  0.00 13.00  0.00 25.00  0.00 5.38908 
4  16.00  0.00 19.00  0.00 13.00  0.00 22.00  0.00 6.56880 
4  15.00  0.00 17.00  0.00 13.00  0.00 19.00  0.00 12.75353 
4  14.00  0.00 15.00  0.00 13.00  0.00 16.00  0.00 21.81653 
4  25.00  0.00 36.00  0.00 14.00  0.00 47.00  0.00 1.38168 
4  24.00  0.00 34.00  0.00 14.00  0.00 44.00  0.00 1.68102 
4  23.00  0.00 32.00  0.00 14.00  0.00 41.00  0.00 1.99720 
4  22.00  0.00 30.00  0.00 14.00  0.00 38.00  0.00 2.27931 
4  21.00  0.00 28.00  0.00 14.00  0.00 35.00  0.00 2.91053 
4  20.00  0.00 26.00  0.00 14.00  0.00 32.00  0.00 3.54717 
4  19.00  0.00 24.00  0.00 14.00  0.00 29.00  0.00 4.62937 
4  18.00  0.00 22.00  0.00 14.00  0.00 26.00  0.00 7.19164 
4  17.00  0.00 20.00  0.00 14.00  0.00 23.00  0.00 5.77693 
4  16.00  0.00 18.00  0.00 14.00  0.00 20.00  0.00 10.79320 
4  15.00  0.00 16.00  0.00 14.00  0.00 17.00  0.00 31.04792 
4  25.00  0.00 35.00  0.00 15.00  0.00 45.00  0.00 1.44990 
4  24.00  0.00 33.00  0.00 15.00  0.00 42.00  0.00 1.83463 
4  23.00  0.00 31.00  0.00 15.00  0.00 39.00  0.00 2.07560 
4  22.00  0.00 29.00  0.00 15.00  0.00 36.00  0.00 2.39454 
4  21.00  0.00 27.00  0.00 15.00  0.00 33.00  0.00 3.00578 
4  20.00  0.00 25.00  0.00 15.00  0.00 30.00  0.00 4.47794 
4  19.00  0.00 23.00  0.00 15.00  0.00 27.00  0.00 7.03101 
4  18.00  0.00 21.00  0.00 15.00  0.00 24.00  0.00 6.94558 
4  17.00  0.00 19.00  0.00 15.00  0.00 21.00  0.00 10.00482 
4  16.00  0.00 17.00  0.00 15.00  0.00 18.00  0.00 29.40690 
4  26.00  0.00 36.00  0.00 16.00  0.00 46.00  0.00 1.32186 
4  25.00  0.00 34.00  0.00 16.00  0.00 43.00  0.00 1.60040 
4  24.00  0.00 32.00  0.00 16.00  0.00 40.00  0.00 2.04857 
4  23.00  0.00 30.00  0.00 16.00  0.00 37.00  0.00 2.27824 
4  22.00  0.00 28.00  0.00 16.00  0.00 34.00  0.00 2.82085 
4  21.00  0.00 26.00  0.00 16.00  0.00 31.00  0.00 4.07043 
4  20.00  0.00 24.00  0.00 16.00  0.00 28.00  0.00 5.85735 
4  19.00  0.00 22.00  0.00 16.00  0.00 25.00  0.00 9.92023 
4  18.00  0.00 20.00  0.00 16.00  0.00 22.00  0.00 9.34187 
4  17.00  0.00 18.00  0.00 16.00  0.00 19.00  0.00 36.66924 
4  27.00  0.00 37.00  0.00 17.00  0.00 47.00  0.00 1.35096 
4  26.00  0.00 35.00  0.00 17.00  0.00 44.00  0.00 1.65672 
4  25.00  0.00 33.00  0.00 17.00  0.00 41.00  0.00 2.06570 
4  24.00  0.00 31.00  0.00 17.00  0.00 38.00  0.00 2.48159 
4  23.00  0.00 29.00  0.00 17.00  0.00 35.00  0.00 2.80241 
4  22.00  0.00 27.00  0.00 17.00  0.00 32.00  0.00 3.64193 
4  21.00  0.00 25.00  0.00 17.00  0.00 29.00  0.00 6.22103 
4  20.00  0.00 23.00  0.00 17.00  0.00 26.00  0.00 11.15487 
4  19.00  0.00 21.00  0.00 17.00  0.00 23.00  0.00 11.83206 
4  18.00  0.00 19.00  0.00 17.00  0.00 20.00  0.00 41.73555 
4  27.00  0.00 36.00  0.00 18.00  0.00 45.00  0.00 1.64105 
4  26.00  0.00 34.00  0.00 18.00  0.00 42.00  0.00 2.08121 
4  25.00  0.00 32.00  0.00 18.00  0.00 39.00  0.00 2.53243 
4  24.00  0.00 30.00  0.00 18.00  0.00 36.00  0.00 2.98706 
4  23.00  0.00 28.00  0.00 18.00  0.00 33.00  0.00 3.89762 
4  22.00  0.00 26.00  0.00 18.00  0.00 30.00  0.00 5.16110 
4  21.00  0.00 24.00  0.00 18.00  0.00 27.00  0.00 10.52026 
4  20.00  0.00 22.00  0.00 18.00  0.00 24.00  0.00 18.26516 
4  19.00  0.00 20.00  0.00 18.00  0.00 21.00  0.00 42.11125 
4  28.00  0.00 37.00  0.00 19.00  0.00 46.00  0.00 1.51158 
4  27.00  0.00 35.00  0.00 19.00  0.00 43.00  0.00 2.04729 
4  26.00  0.00 33.00  0.00 19.00  0.00 40.00  0.00 2.66635 
4  25.00  0.00 31.00  0.00 19.00  0.00 37.00  0.00 3.09108 
4  24.00  0.00 29.00  0.00 19.00  0.00 34.00  0.00 3.99284 
4  23.00  0.00 27.00  0.00 19.00  0.00 31.00  0.00 5.35326 
4  22.00  0.00 25.00  0.00 19.00  0.00 28.00  0.00 8.20196 
4  21.00  0.00 23.00  0.00 19.00  0.00 25.00  0.00 18.20651 
4  20.00  0.00 21.00  0.00 19.00  0.00 22.00  0.00 37.19427 
4  29.00  0.00 38.00  0.00 20.00  0.00 47.00  0.00 1.51171 
4  28.00  0.00 36.00  0.00 20.00  0.00 44.00  0.00 1.82513 
4  27.00  0.00 34.00  0.00 20.00  0.00 41.00  0.00 2.61137 
4  26.00  0.00 32.00  0.00 20.00  0.00 38.00  0.00 3.30702 
4  25.00  0.00 30.00  0.00 20.00  0.00 35.00  0.00 3.77664 
4  24.00  0.00 28.00  0.00 20.00  0.00 32.00  0.00 6.34078 
4  23.00  0.00 26.00  0.00 20.00  0.00 29.00  0.00 7.68040 
4  22.00  0.00 24.00  0.00 20.00  0.00 26.00  0.00 13.83410 
4  21.00  0.00 22.00  0.00 20.00  0.00 23.00  0.00 46.33588 
4  29.00  0.00 37.00  0.00 21.00  0.00 45.00  0.00 1.79319 
4  28.00  0.00 35.00  0.00 21.00  0.00 42.00  0.00 2.35012 
4  27.00  0.00 33.00  0.00 21.00  0.00 39.00  0.00 3.45484 
4  26.00  0.00 31.00  0.00 21.00  0.00 36.00  0.00 4.25139 
4  25.00  0.00 29.00  0.00 21.00  0.00 33.00  0.00 5.79907 
4  24.00  0.00 27.00  0.00 21.00  0.00 30.00  0.00 8.87820 
4  23.00  0.00 25.00  0.00 21.00  0.00 27.00  0.00 16.22823 
4  22.00  0.00 23.00  0.00 21.00  0.00 24.00  0.00 31.68014 
4  30.00  0.00 38.00  0.00 22.00  0.00 46.00  0.00 1.96298 
4  29.00  0.00 36.00  0.00 22.00  0.00 43.00  0.00 2.43949 
4  28.00  0.00 34.00  0.00 22.00  0.00 40.00  0.00 3.32712 
4  27.00  0.00 32.00  0.00 22.00  0.00 37.00  0.00 5.15688 
4  26.00  0.00 30.00  0.00 22.00  0.00 34.00  0.00 7.04446 
4  25.00  0.00 28.00  0.00 22.00  0.00 31.00  0.00 12.26377 
4  24.00  0.00 26.00  0.00 22.00  0.00 28.00  0.00 16.83609 
4  23.00  0.00 24.00  0.00 22.00  0.00 25.00  0.00 32.64978 
4  31.00  0.00 39.00  0.00 23.00  0.00 47.00  0.00 1.84542 
4  30.00  0.00 37.00  0.00 23.00  0.00 44.00  0.00 2.32725 
4  29.00  0.00 35.00  0.00 23.00  0.00 41.00  0.00 3.12696 
4  28.00  0.00 33.00  0.00 23.00  0.00 38.00  0.00 4.33038 
4  27.00  0.00 31.00  0.00 23.00  0.00 35.00  0.00 6.75182 
4  26.00  0.00 29.00  0.00 23.00  0.00 32.00  0.00 11.75964 
4  25.00  0.00 27.00  0.00 23.00  0.00 29.00  0.00 16.64700 
4  24.00  0.00 25.00  0.00 23.00  0.00 26.00  0.00 47.53713 
4  31.00  0.00 38.00  0.00 24.00  0.00 45.00  0.00 2.15125 
4  30.00  0.00 36.00  0.00 24.00  0.00 42.00  0.00 2.89148 
4  29.00  0.00 34.00  0.00 24.00  0.00 39.00  0.00 3.93881 
4  28.00  0.00 32.00  0.00 24.00  0.00 36.00  0.00 5.38939 
4  27.00  0.00 30.00  0.00 24.00  0.00 33.00  0.00 10.27953 
4  26.00  0.00 28.00  0.00 24.00  0.00 30.00  0.00 21.26373 
4  25.00  0.00 26.00  0.00 24.00  0.00 27.00  0.00 43.56427 
4  32.00  0.00 39.00  0.00 25.00  0.00 46.00  0.00 1.99739 
4  31.00  0.00 37.00  0.00 25.00  0.00 43.00  0.00 2.73050 
4  30.00  0.00 35.00  0.00 25.00  0.00 40.00  0.00 3.95429 
4  29.00  0.00 33.00  0.00 25.00  0.00 37.00  0.00 5.59062 
4  28.00  0.00 31.00  0.00 25.00  0.00 34.00  0.00 8.55045 
4  27.00  0.00 29.00  0.00 25.00  0.00 31.00  0.00 22.70567 
4  26.00  0.00 27.00  0.00 25.00  0.00 28.00  0.00 51.70024 
4  33.00  0.00 40.00  0.00 26.00  0.00 47.00  0.00 1.71031 
4  32.00  0.00 38.00  0.00 26.00  0.00 44.00  0.00 2.35999 
4  31.00  0.00 36.00  0.00 26.00  0.00 41.00  0.00 3.54315 
4  30.00  0.00 34.00  0.00 26.00  0.00 38.00  0.00 5.12843 
4  29.00  0.00 32.00  0.00 26.00  0.00 35.00  0.00 7.30710 
4  28.00  0.00 30.00  0.00 26.00  0.00 32.00  0.00 15.81310 
4  27.00  0.00 28.00  0.00 26.00  0.00 29.00  0.00 69.92764 
4  33.00  0.00 39.00  0.00 27.00  0.00 45.00  0.00 2.06116 
4  32.00  0.00 37.00  0.00 27.00  0.00 42.00  0.00 3.14011 
4  31.00  0.00 35.00  0.00 27.00  0.00 39.00  0.00 5.00967 
4  30.00  0.00 33.00  0.00 27.00  0.00 36.00  0.00 7.47727 
4  29.00  0.00 31.00  0.00 27.00  0.00 33.00  0.00 15.32194 
4  28.00  0.00 29.00  0.00 27.00  0.00 30.00  0.00 90.20904 
4  34.00  0.00 40.00  0.00 28.00  0.00 46.00  0.00 2.19394 
4  33.00  0.00 38.00  0.00 28.00  0.00 43.00  0.00 2.92912 
4  32.00  0.00 36.00  0.00 28.00  0.00 40.00  0.00 5.09930 
4  31.00  0.00 34.00  0.00 28.00  0.00 37.00  0.00 8.58067 
4  30.00  0.00 32.00  0.00 28.00  0.00 34.00  0.00 18.25453 
4  29.00  0.00 30.00  0.00 28.00  0.00 31.00  0.00 86.38994 
4  35.00  0.00 41.00  0.00 29.00  0.00 47.00  0.00 2.08293 
4  34.00  0.00 39.00  0.00 29.00  0.00 44.00  0.00 2.66394 
4  33.00  0.00 37.00  0.00 29.00  0.00 41.00  0.00 3.98207 
4  32.00  0.00 35.00  0.00 29.00  0.00 38.00  0.00 7.35363 
4  31.00  0.00 33.00  0.00 29.00  0.00 35.00  0.00 16.32729 
4  30.00  0.00 31.00  0.00 29.00  0.00 32.00  0.00 99.91042 
4  35.00  0.00 40.00  0.00 30.00  0.00 45.00  0.00 2.36085 
4  34.00  0.00 38.00  0.00 30.00  0.00 42.00  0.00 3.72648 
4  33.00  0.00 36.00  0.00 30.00  0.00 39.00  0.00 6.15203 
4  32.00  0.00 34.00  0.00 30.00  0.00 36.00  0.00 12.85617 
4  31.00  0.00 32.00  0.00 30.00  0.00 33.00  0.00 89.23118 
4  36.00  0.00 41.00  0.00 31.00  0.00 46.00  0.00 2.58471 
4  35.00  0.00 39.00  0.00 31.00  0.00 43.00  0.00 3.16641 
4  34.00  0.00 37.00  0.00 31.00  0.00 40.00  0.00 6.17881 
4  33.00  0.00 35.00  0.00 31.00  0.00 37.00  0.00 11.97277 
4  32.00  0.00 33.00  0.00 31.00  0.00 34.00  0.00 102.62190 
4  37.00  0.00 42.00  0.00 32.00  0.00 47.00  0.00 2.72946 
4  36.00  0.00 40.00  0.00 32.00  0.00 44.00  0.00 3.13742 
4  35.00  0.00 38.00  0.00 32.00  0.00 41.00  0.00 4.93712 
4  34.00  0.00 36.00  0.00 32.00  0.00 38.00  0.00 13.19465 
4  33.00  0.00 34.00  0.00 32.00  0.00 35.00  0.00 55.50672 
4  37.00  0.00 41.00  0.00 33.00  0.00 45.00  0.00 3.45693 
4  36.00  0.00 39.00  0.00 33.00  0.00 42.00  0.00 4.78789 
4  35.00  0.00 37.00  0.00 33.00  0.00 39.00  0.00 9.56536 
4  34.00  0.00 35.00  0.00 33.00  0.00 36.00  0.00 82.65884 
4  38.00  0.00 42.00  0.00 34.00  0.00 46.00  0.00 3.42048 
4  37.00  0.00 40.00  0.00 34.00  0.00 43.00  0.00 4.61899 
4  36.00  0.00 38.00  0.00 34.00  0.00 40.00  0.00 8.74789 
4  35.00  0.00 36.00  0.00 34.00  0.00 37.00  0.00 43.66221 
4  39.00  0.00 43.00  0.00 35.00  0.00 47.00  0.00 3.55280 
4  38.00  0.00 41.00  0.00 35.00  0.00 44.00  0.00 4.85035 
4  37.00  0.00 39.00  0.00 35.00  0.00 41.00  0.00 8.64558 
4  36.00  0.00 37.00  0.00 35.00  0.00 38.00  0.00 34.68331 
4  39.00  0.00 42.00  0.00 36.00  0.00 45.00  0.00 5.03540 
4  38.00  0.00 40.00  0.00 36.00  0.00 42.00  0.00 9.38466 
4  37.00  0.00 38.00  0.00 36.00  0.00 39.00  0.00 35.41482 
4  40.00  0.00 43.00  0.00 37.00  0.00 46.00  0.00 5.53927 
4  39.00  0.00 41.00  0.00 37.00  0.00 43.00  0.00 9.11705 
4  38.00  0.00 39.00  0.00 37.00  0.00 40.00  0.00 37.49114 
4  41.00  0.00 44.00  0.00 38.00  0.00 47.00  0.00 4.98002 
4  40.00  0.00 42.00  0.00 38.00  0.00 44.00  0.00 9.01360 
4  39.00  0.00 40.00  0.00 38.00  0.00 41.00  0.00 25.37797 
4  41.00  0.00 43.00  0.00 39.00  0.00 45.00  0.00 8.46019 
4  40.00  0.00 41.00  0.00 39.00  0.00 42.00  0.00 28.04208 
4  42.00  0.00 44.00  0.00 40.00  0.00 46.00  0.00 8.02006 
4  41.00  0.00 42.00  0.00 40.00  0.00 43.00  0.00 19.95796 
4  43.00  0.00 45.00  0.00 41.00  0.00 47.00  0.00 6.27340 
4  42.00  0.00 43.00  0.00 41.00  0.00 44.00  0.00 18.89015 
4  43.00  0.00 44.00  0.00 42.00  0.00 45.00  0.00 15.25443 
4  44.00  0.00 45.00  0.00 43.00  0.00 46.00  0.00 9.00926 
4  45.00  0.00 46.00  0.00 44.00  0.00 47.00  0.00 11.06434 
0
0
0
0
