20230627Wen48RN5m.bin
         5.00
11
0
Type of measurement (0=app. resistivity,1=resistance)
1
717
 2
0
4  0.00  0.00 180.00  0.00 60.00  0.00 120.00  0.00 0.27129 
4  0.00  0.00 165.00  0.00 55.00  0.00 110.00  0.00 0.24226 
4  0.00  0.00 150.00  0.00 50.00  0.00 100.00  0.00 0.21619 
4  0.00  0.00 135.00  0.00 45.00  0.00 90.00  0.00 0.20396 
4  0.00  0.00 120.00  0.00 40.00  0.00 80.00  0.00 0.19796 
4  0.00  0.00 105.00  0.00 35.00  0.00 70.00  0.00 0.19979 
4  0.00  0.00 90.00  0.00 30.00  0.00 60.00  0.00 0.21739 
4  0.00  0.00 75.00  0.00 25.00  0.00 50.00  0.00 0.25793 
4  0.00  0.00 60.00  0.00 20.00  0.00 40.00  0.00 0.37985 
4  0.00  0.00 45.00  0.00 15.00  0.00 30.00  0.00 0.72708 
4  0.00  0.00 30.00  0.00 10.00  0.00 20.00  0.00 1.48609 
4  0.00  0.00 15.00  0.00 5.00  0.00 10.00  0.00 4.99021 
4  5.00  0.00 230.00  0.00 80.00  0.00 155.00  0.00 0.38011 
4  5.00  0.00 215.00  0.00 75.00  0.00 145.00  0.00 0.37105 
4  5.00  0.00 200.00  0.00 70.00  0.00 135.00  0.00 0.31519 
4  5.00  0.00 185.00  0.00 65.00  0.00 125.00  0.00 0.27695 
4  5.00  0.00 170.00  0.00 60.00  0.00 115.00  0.00 306.10790 
4  5.00  0.00 155.00  0.00 55.00  0.00 105.00  0.00 0.22204 
4  5.00  0.00 140.00  0.00 50.00  0.00 95.00  0.00 0.20695 
4  5.00  0.00 125.00  0.00 45.00  0.00 85.00  0.00 0.20069 
4  5.00  0.00 110.00  0.00 40.00  0.00 75.00  0.00 0.19695 
4  5.00  0.00 95.00  0.00 35.00  0.00 65.00  0.00 0.22142 
4  5.00  0.00 80.00  0.00 30.00  0.00 55.00  0.00 0.27128 
4  5.00  0.00 65.00  0.00 25.00  0.00 45.00  0.00 0.34952 
4  5.00  0.00 50.00  0.00 20.00  0.00 35.00  0.00 0.66957 
4  5.00  0.00 35.00  0.00 15.00  0.00 25.00  0.00 1.47705 
4  5.00  0.00 20.00  0.00 10.00  0.00 15.00  0.00 4.89128 
4  10.00  0.00 235.00  0.00 85.00  0.00 160.00  0.00 0.38961 
4  10.00  0.00 220.00  0.00 80.00  0.00 150.00  0.00 0.37262 
4  10.00  0.00 205.00  0.00 75.00  0.00 140.00  0.00 0.34672 
4  10.00  0.00 190.00  0.00 70.00  0.00 130.00  0.00 0.29107 
4  10.00  0.00 175.00  0.00 65.00  0.00 120.00  0.00 0.26037 
4  10.00  0.00 160.00  0.00 60.00  0.00 110.00  0.00 0.23916 
4  10.00  0.00 145.00  0.00 55.00  0.00 100.00  0.00 0.20784 
4  10.00  0.00 130.00  0.00 50.00  0.00 90.00  0.00 0.20446 
4  10.00  0.00 115.00  0.00 45.00  0.00 80.00  0.00 -0.00000 
4  10.00  0.00 100.00  0.00 40.00  0.00 70.00  0.00 0.21231 
4  10.00  0.00 85.00  0.00 35.00  0.00 60.00  0.00 0.26424 
4  10.00  0.00 70.00  0.00 30.00  0.00 50.00  0.00 0.36133 
4  10.00  0.00 55.00  0.00 25.00  0.00 40.00  0.00 0.55642 
4  10.00  0.00 40.00  0.00 20.00  0.00 30.00  0.00 1.32858 
4  10.00  0.00 25.00  0.00 15.00  0.00 20.00  0.00 4.77362 
4  15.00  0.00 225.00  0.00 85.00  0.00 155.00  0.00 0.37225 
4  15.00  0.00 210.00  0.00 80.00  0.00 145.00  0.00 -1066.69153 
4  15.00  0.00 195.00  0.00 75.00  0.00 135.00  0.00 0.31100 
4  15.00  0.00 180.00  0.00 70.00  0.00 125.00  0.00 0.26726 
4  15.00  0.00 165.00  0.00 65.00  0.00 115.00  0.00 49.90874 
4  15.00  0.00 150.00  0.00 60.00  0.00 105.00  0.00 0.21643 
4  15.00  0.00 135.00  0.00 55.00  0.00 95.00  0.00 0.20422 
4  15.00  0.00 120.00  0.00 50.00  0.00 85.00  0.00 0.20218 
4  15.00  0.00 105.00  0.00 45.00  0.00 75.00  0.00 0.22178 
4  15.00  0.00 90.00  0.00 40.00  0.00 65.00  0.00 0.26066 
4  15.00  0.00 75.00  0.00 35.00  0.00 55.00  0.00 0.38932 
4  15.00  0.00 60.00  0.00 30.00  0.00 45.00  0.00 0.57040 
4  15.00  0.00 45.00  0.00 25.00  0.00 35.00  0.00 1.33972 
4  15.00  0.00 30.00  0.00 20.00  0.00 25.00  0.00 4.37433 
4  20.00  0.00 230.00  0.00 90.00  0.00 160.00  0.00 0.38304 
4  20.00  0.00 215.00  0.00 85.00  0.00 150.00  0.00 0.36747 
4  20.00  0.00 200.00  0.00 80.00  0.00 140.00  0.00 0.33412 
4  20.00  0.00 185.00  0.00 75.00  0.00 130.00  0.00 0.29049 
4  20.00  0.00 170.00  0.00 70.00  0.00 120.00  0.00 0.26398 
4  20.00  0.00 155.00  0.00 65.00  0.00 110.00  0.00 0.23791 
4  20.00  0.00 140.00  0.00 60.00  0.00 100.00  0.00 0.21422 
4  20.00  0.00 125.00  0.00 55.00  0.00 90.00  0.00 0.20680 
4  20.00  0.00 110.00  0.00 50.00  0.00 80.00  0.00 0.23113 
4  20.00  0.00 95.00  0.00 45.00  0.00 70.00  0.00 0.27637 
4  20.00  0.00 80.00  0.00 40.00  0.00 60.00  0.00 0.35851 
4  20.00  0.00 65.00  0.00 35.00  0.00 50.00  0.00 0.60607 
4  20.00  0.00 50.00  0.00 30.00  0.00 40.00  0.00 1.31340 
4  20.00  0.00 35.00  0.00 25.00  0.00 30.00  0.00 4.02763 
4  25.00  0.00 235.00  0.00 95.00  0.00 165.00  0.00 0.38367 
4  25.00  0.00 220.00  0.00 90.00  0.00 155.00  0.00 0.37117 
4  25.00  0.00 205.00  0.00 85.00  0.00 145.00  0.00 0.35226 
4  25.00  0.00 190.00  0.00 80.00  0.00 135.00  0.00 0.29640 
4  25.00  0.00 175.00  0.00 75.00  0.00 125.00  0.00 0.26562 
4  25.00  0.00 160.00  0.00 70.00  0.00 115.00  0.00 36.65112 
4  25.00  0.00 145.00  0.00 65.00  0.00 105.00  0.00 0.21957 
4  25.00  0.00 130.00  0.00 60.00  0.00 95.00  0.00 0.22761 
4  25.00  0.00 115.00  0.00 55.00  0.00 85.00  0.00 -47.32569 
4  25.00  0.00 100.00  0.00 50.00  0.00 75.00  0.00 0.27154 
4  25.00  0.00 85.00  0.00 45.00  0.00 65.00  0.00 0.37424 
4  25.00  0.00 70.00  0.00 40.00  0.00 55.00  0.00 0.60368 
4  25.00  0.00 55.00  0.00 35.00  0.00 45.00  0.00 0.99940 
4  25.00  0.00 40.00  0.00 30.00  0.00 35.00  0.00 3.60537 
4  30.00  0.00 225.00  0.00 95.00  0.00 160.00  0.00 0.36643 
4  30.00  0.00 210.00  0.00 90.00  0.00 150.00  0.00 0.00 
4  30.00  0.00 195.00  0.00 85.00  0.00 140.00  0.00 0.32766 
4  30.00  0.00 180.00  0.00 80.00  0.00 130.00  0.00 0.26573 
4  30.00  0.00 165.00  0.00 75.00  0.00 120.00  0.00 0.24906 
4  30.00  0.00 150.00  0.00 70.00  0.00 110.00  0.00 0.22115 
4  30.00  0.00 135.00  0.00 65.00  0.00 100.00  0.00 0.23353 
4  30.00  0.00 120.00  0.00 60.00  0.00 90.00  0.00 0.21945 
4  30.00  0.00 105.00  0.00 55.00  0.00 80.00  0.00 0.24215 
4  30.00  0.00 90.00  0.00 50.00  0.00 70.00  0.00 0.35085 
4  30.00  0.00 75.00  0.00 45.00  0.00 60.00  0.00 0.58089 
4  30.00  0.00 60.00  0.00 40.00  0.00 50.00  0.00 1.06531 
4  30.00  0.00 45.00  0.00 35.00  0.00 40.00  0.00 3.70676 
4  35.00  0.00 230.00  0.00 100.00  0.00 165.00  0.00 0.36818 
4  35.00  0.00 215.00  0.00 95.00  0.00 155.00  0.00 0.36522 
4  35.00  0.00 200.00  0.00 90.00  0.00 145.00  0.00 0.34064 
4  35.00  0.00 185.00  0.00 85.00  0.00 135.00  0.00 0.28670 
4  35.00  0.00 170.00  0.00 80.00  0.00 125.00  0.00 0.23982 
4  35.00  0.00 155.00  0.00 75.00  0.00 115.00  0.00 22.51138 
4  35.00  0.00 140.00  0.00 70.00  0.00 105.00  0.00 0.22270 
4  35.00  0.00 125.00  0.00 65.00  0.00 95.00  0.00 0.22514 
4  35.00  0.00 110.00  0.00 60.00  0.00 85.00  0.00 0.24503 
4  35.00  0.00 95.00  0.00 55.00  0.00 75.00  0.00 0.30952 
4  35.00  0.00 80.00  0.00 50.00  0.00 65.00  0.00 0.54928 
4  35.00  0.00 65.00  0.00 45.00  0.00 55.00  0.00 1.29690 
4  35.00  0.00 50.00  0.00 40.00  0.00 45.00  0.00 3.93063 
4  40.00  0.00 235.00  0.00 105.00  0.00 170.00  0.00 0.40239 
4  40.00  0.00 220.00  0.00 100.00  0.00 160.00  0.00 0.36378 
4  40.00  0.00 205.00  0.00 95.00  0.00 150.00  0.00 0.35380 
4  40.00  0.00 190.00  0.00 90.00  0.00 140.00  0.00 0.31759 
4  40.00  0.00 175.00  0.00 85.00  0.00 130.00  0.00 0.27074 
4  40.00  0.00 160.00  0.00 80.00  0.00 120.00  0.00 0.23786 
4  40.00  0.00 145.00  0.00 75.00  0.00 110.00  0.00 0.22483 
4  40.00  0.00 130.00  0.00 70.00  0.00 100.00  0.00 0.24309 
4  40.00  0.00 115.00  0.00 65.00  0.00 90.00  0.00 -18.91785 
4  40.00  0.00 100.00  0.00 60.00  0.00 80.00  0.00 0.32052 
4  40.00  0.00 85.00  0.00 55.00  0.00 70.00  0.00 0.47791 
4  40.00  0.00 70.00  0.00 50.00  0.00 60.00  0.00 1.17084 
4  40.00  0.00 55.00  0.00 45.00  0.00 50.00  0.00 3.13698 
4  45.00  0.00 225.00  0.00 105.00  0.00 165.00  0.00 0.36435 
4  45.00  0.00 210.00  0.00 100.00  0.00 155.00  0.00 59.04329 
4  45.00  0.00 195.00  0.00 95.00  0.00 145.00  0.00 0.30235 
4  45.00  0.00 180.00  0.00 90.00  0.00 135.00  0.00 0.28038 
4  45.00  0.00 165.00  0.00 85.00  0.00 125.00  0.00 0.25450 
4  45.00  0.00 150.00  0.00 80.00  0.00 115.00  0.00 210.30180 
4  45.00  0.00 135.00  0.00 75.00  0.00 105.00  0.00 0.24074 
4  45.00  0.00 120.00  0.00 70.00  0.00 95.00  0.00 0.24968 
4  45.00  0.00 105.00  0.00 65.00  0.00 85.00  0.00 0.30819 
4  45.00  0.00 90.00  0.00 60.00  0.00 75.00  0.00 0.48899 
4  45.00  0.00 75.00  0.00 55.00  0.00 65.00  0.00 0.89176 
4  45.00  0.00 60.00  0.00 50.00  0.00 55.00  0.00 4.23982 
4  50.00  0.00 230.00  0.00 110.00  0.00 170.00  0.00 0.38072 
4  50.00  0.00 215.00  0.00 105.00  0.00 160.00  0.00 0.36304 
4  50.00  0.00 200.00  0.00 100.00  0.00 150.00  0.00 0.34078 
4  50.00  0.00 185.00  0.00 95.00  0.00 140.00  0.00 0.30823 
4  50.00  0.00 170.00  0.00 90.00  0.00 130.00  0.00 0.28169 
4  50.00  0.00 155.00  0.00 85.00  0.00 120.00  0.00 0.22923 
4  50.00  0.00 140.00  0.00 80.00  0.00 110.00  0.00 0.23125 
4  50.00  0.00 125.00  0.00 75.00  0.00 100.00  0.00 0.26752 
4  50.00  0.00 110.00  0.00 70.00  0.00 90.00  0.00 0.31491 
4  50.00  0.00 95.00  0.00 65.00  0.00 80.00  0.00 0.52875 
4  50.00  0.00 80.00  0.00 60.00  0.00 70.00  0.00 0.96745 
4  50.00  0.00 65.00  0.00 55.00  0.00 60.00  0.00 2.77860 
4  55.00  0.00 235.00  0.00 115.00  0.00 175.00  0.00 -21.17247 
4  55.00  0.00 220.00  0.00 110.00  0.00 165.00  0.00 0.35646 
4  55.00  0.00 205.00  0.00 105.00  0.00 155.00  0.00 0.35313 
4  55.00  0.00 190.00  0.00 100.00  0.00 145.00  0.00 0.32230 
4  55.00  0.00 175.00  0.00 95.00  0.00 135.00  0.00 0.27554 
4  55.00  0.00 160.00  0.00 90.00  0.00 125.00  0.00 0.25085 
4  55.00  0.00 145.00  0.00 85.00  0.00 115.00  0.00 91.60447 
4  55.00  0.00 130.00  0.00 80.00  0.00 105.00  0.00 0.28441 
4  55.00  0.00 115.00  0.00 75.00  0.00 95.00  0.00 68.19590 
4  55.00  0.00 100.00  0.00 70.00  0.00 85.00  0.00 0.49237 
4  55.00  0.00 85.00  0.00 65.00  0.00 75.00  0.00 1.12965 
4  55.00  0.00 70.00  0.00 60.00  0.00 65.00  0.00 3.47111 
4  60.00  0.00 225.00  0.00 115.00  0.00 170.00  0.00 19.16772 
4  60.00  0.00 210.00  0.00 110.00  0.00 160.00  0.00 -12.28165 
4  60.00  0.00 195.00  0.00 105.00  0.00 150.00  0.00 0.33527 
4  60.00  0.00 180.00  0.00 100.00  0.00 140.00  0.00 0.29869 
4  60.00  0.00 165.00  0.00 95.00  0.00 130.00  0.00 0.26007 
4  60.00  0.00 150.00  0.00 90.00  0.00 120.00  0.00 0.24026 
4  60.00  0.00 135.00  0.00 85.00  0.00 110.00  0.00 0.28746 
4  60.00  0.00 120.00  0.00 80.00  0.00 100.00  0.00 0.31285 
4  60.00  0.00 105.00  0.00 75.00  0.00 90.00  0.00 0.47326 
4  60.00  0.00 90.00  0.00 70.00  0.00 80.00  0.00 1.04979 
4  60.00  0.00 75.00  0.00 65.00  0.00 70.00  0.00 3.11631 
4  65.00  0.00 230.00  0.00 120.00  0.00 175.00  0.00 0.37482 
4  65.00  0.00 215.00  0.00 115.00  0.00 165.00  0.00 -1.77518 
4  65.00  0.00 200.00  0.00 110.00  0.00 155.00  0.00 0.34262 
4  65.00  0.00 185.00  0.00 105.00  0.00 145.00  0.00 0.31733 
4  65.00  0.00 170.00  0.00 100.00  0.00 135.00  0.00 0.28297 
4  65.00  0.00 155.00  0.00 95.00  0.00 125.00  0.00 0.24088 
4  65.00  0.00 140.00  0.00 90.00  0.00 115.00  0.00 132.01898 
4  65.00  0.00 125.00  0.00 85.00  0.00 105.00  0.00 0.31523 
4  65.00  0.00 110.00  0.00 80.00  0.00 95.00  0.00 0.45803 
4  65.00  0.00 95.00  0.00 75.00  0.00 85.00  0.00 1.01302 
4  65.00  0.00 80.00  0.00 70.00  0.00 75.00  0.00 3.03326 
4  70.00  0.00 235.00  0.00 125.00  0.00 180.00  0.00 0.39964 
4  70.00  0.00 220.00  0.00 120.00  0.00 170.00  0.00 0.35898 
4  70.00  0.00 205.00  0.00 115.00  0.00 160.00  0.00 4.64577 
4  70.00  0.00 190.00  0.00 110.00  0.00 150.00  0.00 0.32379 
4  70.00  0.00 175.00  0.00 105.00  0.00 140.00  0.00 0.29535 
4  70.00  0.00 160.00  0.00 100.00  0.00 130.00  0.00 0.26615 
4  70.00  0.00 145.00  0.00 95.00  0.00 120.00  0.00 0.26265 
4  70.00  0.00 130.00  0.00 90.00  0.00 110.00  0.00 0.32191 
4  70.00  0.00 115.00  0.00 85.00  0.00 100.00  0.00 167.13480 
4  70.00  0.00 100.00  0.00 80.00  0.00 90.00  0.00 0.90821 
4  70.00  0.00 85.00  0.00 75.00  0.00 80.00  0.00 3.42980 
4  75.00  0.00 225.00  0.00 125.00  0.00 175.00  0.00 0.36969 
4  75.00  0.00 210.00  0.00 120.00  0.00 165.00  0.00 -90.14412 
4  75.00  0.00 195.00  0.00 115.00  0.00 155.00  0.00 -38.64083 
4  75.00  0.00 180.00  0.00 110.00  0.00 145.00  0.00 0.31069 
4  75.00  0.00 165.00  0.00 105.00  0.00 135.00  0.00 0.27609 
4  75.00  0.00 150.00  0.00 100.00  0.00 125.00  0.00 0.26644 
4  75.00  0.00 135.00  0.00 95.00  0.00 115.00  0.00 523.60071 
4  75.00  0.00 120.00  0.00 90.00  0.00 105.00  0.00 0.46569 
4  75.00  0.00 105.00  0.00 85.00  0.00 95.00  0.00 1.04185 
4  75.00  0.00 90.00  0.00 80.00  0.00 85.00  0.00 2.64899 
4  80.00  0.00 230.00  0.00 130.00  0.00 180.00  0.00 0.38488 
4  80.00  0.00 215.00  0.00 125.00  0.00 170.00  0.00 0.34498 
4  80.00  0.00 200.00  0.00 120.00  0.00 160.00  0.00 0.34529 
4  80.00  0.00 185.00  0.00 115.00  0.00 150.00  0.00 23.61970 
4  80.00  0.00 170.00  0.00 110.00  0.00 140.00  0.00 0.29489 
4  80.00  0.00 155.00  0.00 105.00  0.00 130.00  0.00 0.29312 
4  80.00  0.00 140.00  0.00 100.00  0.00 120.00  0.00 0.31978 
4  80.00  0.00 125.00  0.00 95.00  0.00 110.00  0.00 0.49072 
4  80.00  0.00 110.00  0.00 90.00  0.00 100.00  0.00 1.02007 
4  80.00  0.00 95.00  0.00 85.00  0.00 90.00  0.00 3.83434 
4  85.00  0.00 235.00  0.00 135.00  0.00 185.00  0.00 0.40155 
4  85.00  0.00 220.00  0.00 130.00  0.00 175.00  0.00 0.37128 
4  85.00  0.00 205.00  0.00 125.00  0.00 165.00  0.00 0.35138 
4  85.00  0.00 190.00  0.00 120.00  0.00 155.00  0.00 0.33317 
4  85.00  0.00 175.00  0.00 115.00  0.00 145.00  0.00 79.88004 
4  85.00  0.00 160.00  0.00 110.00  0.00 135.00  0.00 0.28484 
4  85.00  0.00 145.00  0.00 105.00  0.00 125.00  0.00 0.32579 
4  85.00  0.00 130.00  0.00 100.00  0.00 115.00  0.00 55.50718 
4  85.00  0.00 115.00  0.00 95.00  0.00 105.00  0.00 101.74903 
4  85.00  0.00 100.00  0.00 90.00  0.00 95.00  0.00 3.26313 
4  90.00  0.00 225.00  0.00 135.00  0.00 180.00  0.00 0.38004 
4  90.00  0.00 210.00  0.00 130.00  0.00 170.00  0.00 277.72954 
4  90.00  0.00 195.00  0.00 125.00  0.00 160.00  0.00 0.32823 
4  90.00  0.00 180.00  0.00 120.00  0.00 150.00  0.00 0.32291 
4  90.00  0.00 165.00  0.00 115.00  0.00 140.00  0.00 -26.57290 
4  90.00  0.00 150.00  0.00 110.00  0.00 130.00  0.00 0.33712 
4  90.00  0.00 135.00  0.00 105.00  0.00 120.00  0.00 0.52365 
4  90.00  0.00 120.00  0.00 100.00  0.00 110.00  0.00 0.87495 
4  90.00  0.00 105.00  0.00 95.00  0.00 100.00  0.00 3.94235 
4  95.00  0.00 230.00  0.00 140.00  0.00 185.00  0.00 0.37267 
4  95.00  0.00 215.00  0.00 135.00  0.00 175.00  0.00 0.38629 
4  95.00  0.00 200.00  0.00 130.00  0.00 165.00  0.00 0.35301 
4  95.00  0.00 185.00  0.00 125.00  0.00 155.00  0.00 0.33290 
4  95.00  0.00 170.00  0.00 120.00  0.00 145.00  0.00 0.33794 
4  95.00  0.00 155.00  0.00 115.00  0.00 135.00  0.00 37.50178 
4  95.00  0.00 140.00  0.00 110.00  0.00 125.00  0.00 0.52752 
4  95.00  0.00 125.00  0.00 105.00  0.00 115.00  0.00 224.02941 
4  95.00  0.00 110.00  0.00 100.00  0.00 105.00  0.00 3.42076 
4  100.00  0.00 235.00  0.00 145.00  0.00 190.00  0.00 0.40091 
4  100.00  0.00 220.00  0.00 140.00  0.00 180.00  0.00 0.37603 
4  100.00  0.00 205.00  0.00 135.00  0.00 170.00  0.00 0.35315 
4  100.00  0.00 190.00  0.00 130.00  0.00 160.00  0.00 0.35056 
4  100.00  0.00 175.00  0.00 125.00  0.00 150.00  0.00 0.35407 
4  100.00  0.00 160.00  0.00 120.00  0.00 140.00  0.00 0.36985 
4  100.00  0.00 145.00  0.00 115.00  0.00 130.00  0.00 272.04848 
4  100.00  0.00 130.00  0.00 110.00  0.00 120.00  0.00 1.00264 
4  100.00  0.00 115.00  0.00 105.00  0.00 110.00  0.00 75.87166 
4  105.00  0.00 225.00  0.00 145.00  0.00 185.00  0.00 0.37339 
4  105.00  0.00 210.00  0.00 140.00  0.00 175.00  0.00 3.53938 
4  105.00  0.00 195.00  0.00 135.00  0.00 165.00  0.00 0.35141 
4  105.00  0.00 180.00  0.00 130.00  0.00 155.00  0.00 0.36288 
4  105.00  0.00 165.00  0.00 125.00  0.00 145.00  0.00 0.38567 
4  105.00  0.00 150.00  0.00 120.00  0.00 135.00  0.00 0.54874 
4  105.00  0.00 135.00  0.00 115.00  0.00 125.00  0.00 -3.95846 
4  105.00  0.00 120.00  0.00 110.00  0.00 115.00  0.00 -487.79973 
4  110.00  0.00 230.00  0.00 150.00  0.00 190.00  0.00 0.40304 
4  110.00  0.00 215.00  0.00 145.00  0.00 180.00  0.00 0.38955 
4  110.00  0.00 200.00  0.00 140.00  0.00 170.00  0.00 0.33157 
4  110.00  0.00 185.00  0.00 135.00  0.00 160.00  0.00 0.35840 
4  110.00  0.00 170.00  0.00 130.00  0.00 150.00  0.00 0.39127 
4  110.00  0.00 155.00  0.00 125.00  0.00 140.00  0.00 0.51246 
4  110.00  0.00 140.00  0.00 120.00  0.00 130.00  0.00 1.37065 
4  110.00  0.00 125.00  0.00 115.00  0.00 120.00  0.00 -274.47738 
4  115.00  0.00 235.00  0.00 155.00  0.00 195.00  0.00 205.94540 
4  115.00  0.00 220.00  0.00 150.00  0.00 185.00  0.00 -86.16469 
4  115.00  0.00 205.00  0.00 145.00  0.00 175.00  0.00 -0.00000 
4  115.00  0.00 190.00  0.00 140.00  0.00 165.00  0.00 167.78455 
4  115.00  0.00 175.00  0.00 135.00  0.00 155.00  0.00 0.00000 
4  115.00  0.00 160.00  0.00 130.00  0.00 145.00  0.00 133.33644 
4  115.00  0.00 145.00  0.00 125.00  0.00 135.00  0.00 -124.36811 
4  115.00  0.00 130.00  0.00 120.00  0.00 125.00  0.00 -9.73575 
4  120.00  0.00 225.00  0.00 155.00  0.00 190.00  0.00 0.41276 
4  120.00  0.00 210.00  0.00 150.00  0.00 180.00  0.00 299.50106 
4  120.00  0.00 195.00  0.00 145.00  0.00 170.00  0.00 0.38882 
4  120.00  0.00 180.00  0.00 140.00  0.00 160.00  0.00 0.39574 
4  120.00  0.00 165.00  0.00 135.00  0.00 150.00  0.00 0.59096 
4  120.00  0.00 150.00  0.00 130.00  0.00 140.00  0.00 2.52725 
4  120.00  0.00 135.00  0.00 125.00  0.00 130.00  0.00 12.76313 
4  125.00  0.00 230.00  0.00 160.00  0.00 195.00  0.00 0.44738 
4  125.00  0.00 215.00  0.00 155.00  0.00 185.00  0.00 0.46110 
4  125.00  0.00 200.00  0.00 150.00  0.00 175.00  0.00 0.40482 
4  125.00  0.00 185.00  0.00 145.00  0.00 165.00  0.00 0.40178 
4  125.00  0.00 170.00  0.00 140.00  0.00 155.00  0.00 0.59441 
4  125.00  0.00 155.00  0.00 135.00  0.00 145.00  0.00 1.45929 
4  125.00  0.00 140.00  0.00 130.00  0.00 135.00  0.00 16.67401 
4  130.00  0.00 235.00  0.00 165.00  0.00 200.00  0.00 0.52226 
4  130.00  0.00 220.00  0.00 160.00  0.00 190.00  0.00 0.49372 
4  130.00  0.00 205.00  0.00 155.00  0.00 180.00  0.00 0.46287 
4  130.00  0.00 190.00  0.00 150.00  0.00 170.00  0.00 0.37756 
4  130.00  0.00 175.00  0.00 145.00  0.00 160.00  0.00 0.57968 
4  130.00  0.00 160.00  0.00 140.00  0.00 150.00  0.00 1.43571 
4  130.00  0.00 145.00  0.00 135.00  0.00 140.00  0.00 34.37037 
4  135.00  0.00 225.00  0.00 165.00  0.00 195.00  0.00 0.50146 
4  135.00  0.00 210.00  0.00 160.00  0.00 185.00  0.00 -14.57671 
4  135.00  0.00 195.00  0.00 155.00  0.00 175.00  0.00 0.46555 
4  135.00  0.00 180.00  0.00 150.00  0.00 165.00  0.00 0.56731 
4  135.00  0.00 165.00  0.00 145.00  0.00 155.00  0.00 2.05433 
4  135.00  0.00 150.00  0.00 140.00  0.00 145.00  0.00 38.90942 
4  140.00  0.00 230.00  0.00 170.00  0.00 200.00  0.00 0.57479 
4  140.00  0.00 215.00  0.00 165.00  0.00 190.00  0.00 0.58335 
4  140.00  0.00 200.00  0.00 160.00  0.00 180.00  0.00 0.53090 
4  140.00  0.00 185.00  0.00 155.00  0.00 170.00  0.00 0.52528 
4  140.00  0.00 170.00  0.00 150.00  0.00 160.00  0.00 2.45602 
4  140.00  0.00 155.00  0.00 145.00  0.00 150.00  0.00 29.51068 
4  145.00  0.00 235.00  0.00 175.00  0.00 205.00  0.00 0.67784 
4  145.00  0.00 220.00  0.00 170.00  0.00 195.00  0.00 0.64227 
4  145.00  0.00 205.00  0.00 165.00  0.00 185.00  0.00 0.58931 
4  145.00  0.00 190.00  0.00 160.00  0.00 175.00  0.00 0.59688 
4  145.00  0.00 175.00  0.00 155.00  0.00 165.00  0.00 1.04846 
4  145.00  0.00 160.00  0.00 150.00  0.00 155.00  0.00 29.86602 
4  150.00  0.00 225.00  0.00 175.00  0.00 200.00  0.00 0.65483 
4  150.00  0.00 210.00  0.00 170.00  0.00 190.00  0.00 -173.71276 
4  150.00  0.00 195.00  0.00 165.00  0.00 180.00  0.00 0.77873 
4  150.00  0.00 180.00  0.00 160.00  0.00 170.00  0.00 0.89267 
4  150.00  0.00 165.00  0.00 155.00  0.00 160.00  0.00 8.62334 
4  155.00  0.00 230.00  0.00 180.00  0.00 205.00  0.00 0.78965 
4  155.00  0.00 215.00  0.00 175.00  0.00 195.00  0.00 0.78679 
4  155.00  0.00 200.00  0.00 170.00  0.00 185.00  0.00 0.76156 
4  155.00  0.00 185.00  0.00 165.00  0.00 175.00  0.00 1.05021 
4  155.00  0.00 170.00  0.00 160.00  0.00 165.00  0.00 4.08558 
4  160.00  0.00 235.00  0.00 185.00  0.00 210.00  0.00 -68.19076 
4  160.00  0.00 220.00  0.00 180.00  0.00 200.00  0.00 0.84547 
4  160.00  0.00 205.00  0.00 175.00  0.00 190.00  0.00 0.78628 
4  160.00  0.00 190.00  0.00 170.00  0.00 180.00  0.00 1.11874 
4  160.00  0.00 175.00  0.00 165.00  0.00 170.00  0.00 3.36689 
4  165.00  0.00 225.00  0.00 185.00  0.00 205.00  0.00 0.96032 
4  165.00  0.00 210.00  0.00 180.00  0.00 195.00  0.00 1019.13203 
4  165.00  0.00 195.00  0.00 175.00  0.00 185.00  0.00 1.06425 
4  165.00  0.00 180.00  0.00 170.00  0.00 175.00  0.00 3.44156 
4  170.00  0.00 230.00  0.00 190.00  0.00 210.00  0.00 -1060.13882 
4  170.00  0.00 215.00  0.00 185.00  0.00 200.00  0.00 1.12089 
4  170.00  0.00 200.00  0.00 180.00  0.00 190.00  0.00 1.04409 
4  170.00  0.00 185.00  0.00 175.00  0.00 180.00  0.00 3.29583 
4  175.00  0.00 235.00  0.00 195.00  0.00 215.00  0.00 1.83458 
4  175.00  0.00 220.00  0.00 190.00  0.00 205.00  0.00 1.37126 
4  175.00  0.00 205.00  0.00 185.00  0.00 195.00  0.00 1.21980 
4  175.00  0.00 190.00  0.00 180.00  0.00 185.00  0.00 3.05673 
4  180.00  0.00 225.00  0.00 195.00  0.00 210.00  0.00 -25.78675 
4  180.00  0.00 210.00  0.00 190.00  0.00 200.00  0.00 0.00000 
4  180.00  0.00 195.00  0.00 185.00  0.00 190.00  0.00 3.49223 
4  185.00  0.00 230.00  0.00 200.00  0.00 215.00  0.00 2.56638 
4  185.00  0.00 215.00  0.00 195.00  0.00 205.00  0.00 2.10525 
4  185.00  0.00 200.00  0.00 190.00  0.00 195.00  0.00 3.53492 
4  190.00  0.00 235.00  0.00 205.00  0.00 220.00  0.00 5.18096 
4  190.00  0.00 220.00  0.00 200.00  0.00 210.00  0.00 179.36513 
4  190.00  0.00 205.00  0.00 195.00  0.00 200.00  0.00 3.57034 
4  195.00  0.00 225.00  0.00 205.00  0.00 215.00  0.00 3.83516 
4  195.00  0.00 210.00  0.00 200.00  0.00 205.00  0.00 0.00000 
4  200.00  0.00 230.00  0.00 210.00  0.00 220.00  0.00 -8.00490 
4  200.00  0.00 215.00  0.00 205.00  0.00 210.00  0.00 214.44417 
4  205.00  0.00 235.00  0.00 215.00  0.00 225.00  0.00 20.91040 
4  205.00  0.00 220.00  0.00 210.00  0.00 215.00  0.00 -183.52105 
4  210.00  0.00 225.00  0.00 215.00  0.00 220.00  0.00 0.00 
4  215.00  0.00 230.00  0.00 220.00  0.00 225.00  0.00 48.81449 
4  220.00  0.00 235.00  0.00 225.00  0.00 230.00  0.00 41.99971 
4  75.00  0.00 150.00  0.00 0.00  0.00 225.00  0.00 0.37387 
4  70.00  0.00 140.00  0.00 0.00  0.00 210.00  0.00 53.49869 
4  65.00  0.00 130.00  0.00 0.00  0.00 195.00  0.00 0.30863 
4  60.00  0.00 120.00  0.00 0.00  0.00 180.00  0.00 0.27378 
4  55.00  0.00 110.00  0.00 0.00  0.00 165.00  0.00 0.24049 
4  50.00  0.00 100.00  0.00 0.00  0.00 150.00  0.00 0.21267 
4  45.00  0.00 90.00  0.00 0.00  0.00 135.00  0.00 0.20000 
4  40.00  0.00 80.00  0.00 0.00  0.00 120.00  0.00 0.19724 
4  35.00  0.00 70.00  0.00 0.00  0.00 105.00  0.00 0.19365 
4  30.00  0.00 60.00  0.00 0.00  0.00 90.00  0.00 0.21306 
4  25.00  0.00 50.00  0.00 0.00  0.00 75.00  0.00 0.26043 
4  20.00  0.00 40.00  0.00 0.00  0.00 60.00  0.00 0.38176 
4  15.00  0.00 30.00  0.00 0.00  0.00 45.00  0.00 0.72373 
4  10.00  0.00 20.00  0.00 0.00  0.00 30.00  0.00 1.49641 
4  5.00  0.00 10.00  0.00 0.00  0.00 15.00  0.00 4.98924 
4  80.00  0.00 155.00  0.00 5.00  0.00 230.00  0.00 0.36532 
4  75.00  0.00 145.00  0.00 5.00  0.00 215.00  0.00 0.37753 
4  70.00  0.00 135.00  0.00 5.00  0.00 200.00  0.00 0.31388 
4  65.00  0.00 125.00  0.00 5.00  0.00 185.00  0.00 0.27910 
4  60.00  0.00 115.00  0.00 5.00  0.00 170.00  0.00 -146.19118 
4  55.00  0.00 105.00  0.00 5.00  0.00 155.00  0.00 0.21677 
4  50.00  0.00 95.00  0.00 5.00  0.00 140.00  0.00 0.19959 
4  45.00  0.00 85.00  0.00 5.00  0.00 125.00  0.00 0.19748 
4  40.00  0.00 75.00  0.00 5.00  0.00 110.00  0.00 0.19587 
4  35.00  0.00 65.00  0.00 5.00  0.00 95.00  0.00 0.21508 
4  30.00  0.00 55.00  0.00 5.00  0.00 80.00  0.00 0.26571 
4  25.00  0.00 45.00  0.00 5.00  0.00 65.00  0.00 0.35197 
4  20.00  0.00 35.00  0.00 5.00  0.00 50.00  0.00 0.67083 
4  15.00  0.00 25.00  0.00 5.00  0.00 35.00  0.00 1.46105 
4  10.00  0.00 15.00  0.00 5.00  0.00 20.00  0.00 4.89029 
4  85.00  0.00 160.00  0.00 10.00  0.00 235.00  0.00 0.38649 
4  80.00  0.00 150.00  0.00 10.00  0.00 220.00  0.00 0.37596 
4  75.00  0.00 140.00  0.00 10.00  0.00 205.00  0.00 0.34117 
4  70.00  0.00 130.00  0.00 10.00  0.00 190.00  0.00 0.29388 
4  65.00  0.00 120.00  0.00 10.00  0.00 175.00  0.00 0.26034 
4  60.00  0.00 110.00  0.00 10.00  0.00 160.00  0.00 0.23477 
4  55.00  0.00 100.00  0.00 10.00  0.00 145.00  0.00 0.21051 
4  50.00  0.00 90.00  0.00 10.00  0.00 130.00  0.00 0.20080 
4  45.00  0.00 80.00  0.00 10.00  0.00 115.00  0.00 -45.13471 
4  40.00  0.00 70.00  0.00 10.00  0.00 100.00  0.00 0.21119 
4  35.00  0.00 60.00  0.00 10.00  0.00 85.00  0.00 0.26296 
4  30.00  0.00 50.00  0.00 10.00  0.00 70.00  0.00 0.35864 
4  25.00  0.00 40.00  0.00 10.00  0.00 55.00  0.00 0.55813 
4  20.00  0.00 30.00  0.00 10.00  0.00 40.00  0.00 1.31867 
4  15.00  0.00 20.00  0.00 10.00  0.00 25.00  0.00 4.77651 
4  85.00  0.00 155.00  0.00 15.00  0.00 225.00  0.00 0.34153 
4  80.00  0.00 145.00  0.00 15.00  0.00 210.00  0.00 83.60344 
4  75.00  0.00 135.00  0.00 15.00  0.00 195.00  0.00 0.31327 
4  70.00  0.00 125.00  0.00 15.00  0.00 180.00  0.00 0.27276 
4  65.00  0.00 115.00  0.00 15.00  0.00 165.00  0.00 57.88149 
4  60.00  0.00 105.00  0.00 15.00  0.00 150.00  0.00 0.22006 
4  55.00  0.00 95.00  0.00 15.00  0.00 135.00  0.00 0.20807 
4  50.00  0.00 85.00  0.00 15.00  0.00 120.00  0.00 0.20387 
4  45.00  0.00 75.00  0.00 15.00  0.00 105.00  0.00 0.22332 
4  40.00  0.00 65.00  0.00 15.00  0.00 90.00  0.00 0.26193 
4  35.00  0.00 55.00  0.00 15.00  0.00 75.00  0.00 0.38844 
4  30.00  0.00 45.00  0.00 15.00  0.00 60.00  0.00 0.57172 
4  25.00  0.00 35.00  0.00 15.00  0.00 45.00  0.00 1.32319 
4  20.00  0.00 25.00  0.00 15.00  0.00 30.00  0.00 4.37146 
4  90.00  0.00 160.00  0.00 20.00  0.00 230.00  0.00 0.35660 
4  85.00  0.00 150.00  0.00 20.00  0.00 215.00  0.00 0.37072 
4  80.00  0.00 140.00  0.00 20.00  0.00 200.00  0.00 0.33279 
4  75.00  0.00 130.00  0.00 20.00  0.00 185.00  0.00 0.29524 
4  70.00  0.00 120.00  0.00 20.00  0.00 170.00  0.00 0.26597 
4  65.00  0.00 110.00  0.00 20.00  0.00 155.00  0.00 0.23139 
4  60.00  0.00 100.00  0.00 20.00  0.00 140.00  0.00 0.21529 
4  55.00  0.00 90.00  0.00 20.00  0.00 125.00  0.00 0.20076 
4  50.00  0.00 80.00  0.00 20.00  0.00 110.00  0.00 0.22850 
4  45.00  0.00 70.00  0.00 20.00  0.00 95.00  0.00 0.27513 
4  40.00  0.00 60.00  0.00 20.00  0.00 80.00  0.00 0.35803 
4  35.00  0.00 50.00  0.00 20.00  0.00 65.00  0.00 0.60756 
4  30.00  0.00 40.00  0.00 20.00  0.00 50.00  0.00 1.29210 
4  25.00  0.00 30.00  0.00 20.00  0.00 35.00  0.00 4.01790 
4  95.00  0.00 165.00  0.00 25.00  0.00 235.00  0.00 0.33438 
4  90.00  0.00 155.00  0.00 25.00  0.00 220.00  0.00 0.37556 
4  85.00  0.00 145.00  0.00 25.00  0.00 205.00  0.00 0.35566 
4  80.00  0.00 135.00  0.00 25.00  0.00 190.00  0.00 0.29556 
4  75.00  0.00 125.00  0.00 25.00  0.00 175.00  0.00 0.26266 
4  70.00  0.00 115.00  0.00 25.00  0.00 160.00  0.00 53.96556 
4  65.00  0.00 105.00  0.00 25.00  0.00 145.00  0.00 0.21876 
4  60.00  0.00 95.00  0.00 25.00  0.00 130.00  0.00 0.23481 
4  55.00  0.00 85.00  0.00 25.00  0.00 115.00  0.00 71.27059 
4  50.00  0.00 75.00  0.00 25.00  0.00 100.00  0.00 0.26153 
4  45.00  0.00 65.00  0.00 25.00  0.00 85.00  0.00 0.37436 
4  40.00  0.00 55.00  0.00 25.00  0.00 70.00  0.00 0.60406 
4  35.00  0.00 45.00  0.00 25.00  0.00 55.00  0.00 0.98315 
4  30.00  0.00 35.00  0.00 25.00  0.00 40.00  0.00 3.60800 
4  95.00  0.00 160.00  0.00 30.00  0.00 225.00  0.00 0.33876 
4  90.00  0.00 150.00  0.00 30.00  0.00 210.00  0.00 225.06533 
4  85.00  0.00 140.00  0.00 30.00  0.00 195.00  0.00 0.33062 
4  80.00  0.00 130.00  0.00 30.00  0.00 180.00  0.00 0.27430 
4  75.00  0.00 120.00  0.00 30.00  0.00 165.00  0.00 0.24673 
4  70.00  0.00 110.00  0.00 30.00  0.00 150.00  0.00 0.22549 
4  65.00  0.00 100.00  0.00 30.00  0.00 135.00  0.00 0.23558 
4  60.00  0.00 90.00  0.00 30.00  0.00 120.00  0.00 0.22227 
4  55.00  0.00 80.00  0.00 30.00  0.00 105.00  0.00 0.24439 
4  50.00  0.00 70.00  0.00 30.00  0.00 90.00  0.00 0.35400 
4  45.00  0.00 60.00  0.00 30.00  0.00 75.00  0.00 0.58139 
4  40.00  0.00 50.00  0.00 30.00  0.00 60.00  0.00 1.08359 
4  35.00  0.00 40.00  0.00 30.00  0.00 45.00  0.00 3.70642 
4  100.00  0.00 165.00  0.00 35.00  0.00 230.00  0.00 0.32182 
4  95.00  0.00 155.00  0.00 35.00  0.00 215.00  0.00 0.36941 
4  90.00  0.00 145.00  0.00 35.00  0.00 200.00  0.00 0.34605 
4  85.00  0.00 135.00  0.00 35.00  0.00 185.00  0.00 0.29471 
4  80.00  0.00 125.00  0.00 35.00  0.00 170.00  0.00 0.22146 
4  75.00  0.00 115.00  0.00 35.00  0.00 155.00  0.00 101.49429 
4  70.00  0.00 105.00  0.00 35.00  0.00 140.00  0.00 0.22170 
4  65.00  0.00 95.00  0.00 35.00  0.00 125.00  0.00 0.22679 
4  60.00  0.00 85.00  0.00 35.00  0.00 110.00  0.00 0.24561 
4  55.00  0.00 75.00  0.00 35.00  0.00 95.00  0.00 0.31407 
4  50.00  0.00 65.00  0.00 35.00  0.00 80.00  0.00 0.55632 
4  45.00  0.00 55.00  0.00 35.00  0.00 65.00  0.00 1.29060 
4  40.00  0.00 45.00  0.00 35.00  0.00 50.00  0.00 3.92342 
4  105.00  0.00 170.00  0.00 40.00  0.00 235.00  0.00 0.36932 
4  100.00  0.00 160.00  0.00 40.00  0.00 220.00  0.00 0.36220 
4  95.00  0.00 150.00  0.00 40.00  0.00 205.00  0.00 0.34349 
4  90.00  0.00 140.00  0.00 40.00  0.00 190.00  0.00 0.31847 
4  85.00  0.00 130.00  0.00 40.00  0.00 175.00  0.00 0.27622 
4  80.00  0.00 120.00  0.00 40.00  0.00 160.00  0.00 0.24244 
4  75.00  0.00 110.00  0.00 40.00  0.00 145.00  0.00 0.22469 
4  70.00  0.00 100.00  0.00 40.00  0.00 130.00  0.00 0.24647 
4  65.00  0.00 90.00  0.00 40.00  0.00 115.00  0.00 1.25656 
4  60.00  0.00 80.00  0.00 40.00  0.00 100.00  0.00 0.31980 
4  55.00  0.00 70.00  0.00 40.00  0.00 85.00  0.00 0.47849 
4  50.00  0.00 60.00  0.00 40.00  0.00 70.00  0.00 1.15444 
4  45.00  0.00 50.00  0.00 40.00  0.00 55.00  0.00 3.13672 
4  105.00  0.00 165.00  0.00 45.00  0.00 225.00  0.00 0.32890 
4  100.00  0.00 155.00  0.00 45.00  0.00 210.00  0.00 -47.64440 
4  95.00  0.00 145.00  0.00 45.00  0.00 195.00  0.00 0.29917 
4  90.00  0.00 135.00  0.00 45.00  0.00 180.00  0.00 0.27945 
4  85.00  0.00 125.00  0.00 45.00  0.00 165.00  0.00 0.25523 
4  80.00  0.00 115.00  0.00 45.00  0.00 150.00  0.00 0.00 
4  75.00  0.00 105.00  0.00 45.00  0.00 135.00  0.00 0.23842 
4  70.00  0.00 95.00  0.00 45.00  0.00 120.00  0.00 0.24645 
4  65.00  0.00 85.00  0.00 45.00  0.00 105.00  0.00 0.30685 
4  60.00  0.00 75.00  0.00 45.00  0.00 90.00  0.00 0.48603 
4  55.00  0.00 65.00  0.00 45.00  0.00 75.00  0.00 0.88369 
4  50.00  0.00 55.00  0.00 45.00  0.00 60.00  0.00 4.24037 
4  110.00  0.00 170.00  0.00 50.00  0.00 230.00  0.00 0.31407 
4  105.00  0.00 160.00  0.00 50.00  0.00 215.00  0.00 0.35915 
4  100.00  0.00 150.00  0.00 50.00  0.00 200.00  0.00 0.34070 
4  95.00  0.00 140.00  0.00 50.00  0.00 185.00  0.00 0.30371 
4  90.00  0.00 130.00  0.00 50.00  0.00 170.00  0.00 0.28438 
4  85.00  0.00 120.00  0.00 50.00  0.00 155.00  0.00 0.22912 
4  80.00  0.00 110.00  0.00 50.00  0.00 140.00  0.00 0.22876 
4  75.00  0.00 100.00  0.00 50.00  0.00 125.00  0.00 0.26964 
4  70.00  0.00 90.00  0.00 50.00  0.00 110.00  0.00 0.31649 
4  65.00  0.00 80.00  0.00 50.00  0.00 95.00  0.00 0.52911 
4  60.00  0.00 70.00  0.00 50.00  0.00 80.00  0.00 0.95271 
4  55.00  0.00 60.00  0.00 50.00  0.00 65.00  0.00 2.78117 
4  115.00  0.00 175.00  0.00 55.00  0.00 235.00  0.00 1623.42880 
4  110.00  0.00 165.00  0.00 55.00  0.00 220.00  0.00 0.35874 
4  105.00  0.00 155.00  0.00 55.00  0.00 205.00  0.00 0.34902 
4  100.00  0.00 145.00  0.00 55.00  0.00 190.00  0.00 0.32146 
4  95.00  0.00 135.00  0.00 55.00  0.00 175.00  0.00 0.27121 
4  90.00  0.00 125.00  0.00 55.00  0.00 160.00  0.00 0.24926 
4  85.00  0.00 115.00  0.00 55.00  0.00 145.00  0.00 -124.48423 
4  80.00  0.00 105.00  0.00 55.00  0.00 130.00  0.00 0.26867 
4  75.00  0.00 95.00  0.00 55.00  0.00 115.00  0.00 120.37827 
4  70.00  0.00 85.00  0.00 55.00  0.00 100.00  0.00 0.49077 
4  65.00  0.00 75.00  0.00 55.00  0.00 85.00  0.00 1.11083 
4  60.00  0.00 65.00  0.00 55.00  0.00 70.00  0.00 3.47476 
4  115.00  0.00 170.00  0.00 60.00  0.00 225.00  0.00 226.37697 
4  110.00  0.00 160.00  0.00 60.00  0.00 210.00  0.00 -9.13274 
4  105.00  0.00 150.00  0.00 60.00  0.00 195.00  0.00 0.33624 
4  100.00  0.00 140.00  0.00 60.00  0.00 180.00  0.00 0.29490 
4  95.00  0.00 130.00  0.00 60.00  0.00 165.00  0.00 0.25022 
4  90.00  0.00 120.00  0.00 60.00  0.00 150.00  0.00 0.24179 
4  85.00  0.00 110.00  0.00 60.00  0.00 135.00  0.00 0.26638 
4  80.00  0.00 100.00  0.00 60.00  0.00 120.00  0.00 0.31598 
4  75.00  0.00 90.00  0.00 60.00  0.00 105.00  0.00 0.47089 
4  70.00  0.00 80.00  0.00 60.00  0.00 90.00  0.00 1.03473 
4  65.00  0.00 70.00  0.00 60.00  0.00 75.00  0.00 3.11535 
4  120.00  0.00 175.00  0.00 65.00  0.00 230.00  0.00 0.34895 
4  115.00  0.00 165.00  0.00 65.00  0.00 215.00  0.00 47.33293 
4  110.00  0.00 155.00  0.00 65.00  0.00 200.00  0.00 0.34739 
4  105.00  0.00 145.00  0.00 65.00  0.00 185.00  0.00 0.31862 
4  100.00  0.00 135.00  0.00 65.00  0.00 170.00  0.00 0.29043 
4  95.00  0.00 125.00  0.00 65.00  0.00 155.00  0.00 0.24880 
4  90.00  0.00 115.00  0.00 65.00  0.00 140.00  0.00 325.43131 
4  85.00  0.00 105.00  0.00 65.00  0.00 125.00  0.00 0.32152 
4  80.00  0.00 95.00  0.00 65.00  0.00 110.00  0.00 0.46254 
4  75.00  0.00 85.00  0.00 65.00  0.00 95.00  0.00 0.99313 
4  70.00  0.00 75.00  0.00 65.00  0.00 80.00  0.00 3.03840 
4  125.00  0.00 180.00  0.00 70.00  0.00 235.00  0.00 0.37131 
4  120.00  0.00 170.00  0.00 70.00  0.00 220.00  0.00 0.35948 
4  115.00  0.00 160.00  0.00 70.00  0.00 205.00  0.00 -53.28721 
4  110.00  0.00 150.00  0.00 70.00  0.00 190.00  0.00 0.32576 
4  105.00  0.00 140.00  0.00 70.00  0.00 175.00  0.00 0.29322 
4  100.00  0.00 130.00  0.00 70.00  0.00 160.00  0.00 0.26040 
4  95.00  0.00 120.00  0.00 70.00  0.00 145.00  0.00 0.25480 
4  90.00  0.00 110.00  0.00 70.00  0.00 130.00  0.00 0.30241 
4  85.00  0.00 100.00  0.00 70.00  0.00 115.00  0.00 249.83700 
4  80.00  0.00 90.00  0.00 70.00  0.00 100.00  0.00 0.87933 
4  75.00  0.00 80.00  0.00 70.00  0.00 85.00  0.00 3.42303 
4  125.00  0.00 175.00  0.00 75.00  0.00 225.00  0.00 0.33899 
4  120.00  0.00 165.00  0.00 75.00  0.00 210.00  0.00 47.82379 
4  115.00  0.00 155.00  0.00 75.00  0.00 195.00  0.00 564.01241 
4  110.00  0.00 145.00  0.00 75.00  0.00 180.00  0.00 0.30874 
4  105.00  0.00 135.00  0.00 75.00  0.00 165.00  0.00 0.27270 
4  100.00  0.00 125.00  0.00 75.00  0.00 150.00  0.00 0.26103 
4  95.00  0.00 115.00  0.00 75.00  0.00 135.00  0.00 1589.86208 
4  90.00  0.00 105.00  0.00 75.00  0.00 120.00  0.00 0.46803 
4  85.00  0.00 95.00  0.00 75.00  0.00 105.00  0.00 1.00053 
4  80.00  0.00 85.00  0.00 75.00  0.00 90.00  0.00 2.65649 
4  130.00  0.00 180.00  0.00 80.00  0.00 230.00  0.00 0.33075 
4  125.00  0.00 170.00  0.00 80.00  0.00 215.00  0.00 0.35789 
4  120.00  0.00 160.00  0.00 80.00  0.00 200.00  0.00 0.35074 
4  115.00  0.00 150.00  0.00 80.00  0.00 185.00  0.00 92.33352 
4  110.00  0.00 140.00  0.00 80.00  0.00 170.00  0.00 0.29256 
4  105.00  0.00 130.00  0.00 80.00  0.00 155.00  0.00 0.29130 
4  100.00  0.00 120.00  0.00 80.00  0.00 140.00  0.00 0.31572 
4  95.00  0.00 110.00  0.00 80.00  0.00 125.00  0.00 0.48549 
4  90.00  0.00 100.00  0.00 80.00  0.00 110.00  0.00 1.00548 
4  85.00  0.00 90.00  0.00 80.00  0.00 95.00  0.00 3.84300 
4  135.00  0.00 185.00  0.00 85.00  0.00 235.00  0.00 0.35012 
4  130.00  0.00 175.00  0.00 85.00  0.00 220.00  0.00 0.35880 
4  125.00  0.00 165.00  0.00 85.00  0.00 205.00  0.00 0.34828 
4  120.00  0.00 155.00  0.00 85.00  0.00 190.00  0.00 0.33282 
4  115.00  0.00 145.00  0.00 85.00  0.00 175.00  0.00 -0.00000 
4  110.00  0.00 135.00  0.00 85.00  0.00 160.00  0.00 0.28731 
4  105.00  0.00 125.00  0.00 85.00  0.00 145.00  0.00 0.32437 
4  100.00  0.00 115.00  0.00 85.00  0.00 130.00  0.00 136.23537 
4  95.00  0.00 105.00  0.00 85.00  0.00 115.00  0.00 328.31954 
4  90.00  0.00 95.00  0.00 85.00  0.00 100.00  0.00 3.26269 
4  135.00  0.00 180.00  0.00 90.00  0.00 225.00  0.00 0.36182 
4  130.00  0.00 170.00  0.00 90.00  0.00 210.00  0.00 691.22057 
4  125.00  0.00 160.00  0.00 90.00  0.00 195.00  0.00 0.32530 
4  120.00  0.00 150.00  0.00 90.00  0.00 180.00  0.00 0.32417 
4  115.00  0.00 140.00  0.00 90.00  0.00 165.00  0.00 -200.74069 
4  110.00  0.00 130.00  0.00 90.00  0.00 150.00  0.00 0.33672 
4  105.00  0.00 120.00  0.00 90.00  0.00 135.00  0.00 0.52186 
4  100.00  0.00 110.00  0.00 90.00  0.00 120.00  0.00 0.80850 
4  95.00  0.00 100.00  0.00 90.00  0.00 105.00  0.00 3.95018 
4  140.00  0.00 185.00  0.00 95.00  0.00 230.00  0.00 0.34762 
4  135.00  0.00 175.00  0.00 95.00  0.00 215.00  0.00 0.38563 
4  130.00  0.00 165.00  0.00 95.00  0.00 200.00  0.00 0.35711 
4  125.00  0.00 155.00  0.00 95.00  0.00 185.00  0.00 0.34346 
4  120.00  0.00 145.00  0.00 95.00  0.00 170.00  0.00 0.33847 
4  115.00  0.00 135.00  0.00 95.00  0.00 155.00  0.00 165.29311 
4  110.00  0.00 125.00  0.00 95.00  0.00 140.00  0.00 0.52650 
4  105.00  0.00 115.00  0.00 95.00  0.00 125.00  0.00 0.00 
4  100.00  0.00 105.00  0.00 95.00  0.00 110.00  0.00 3.43188 
4  145.00  0.00 190.00  0.00 100.00  0.00 235.00  0.00 0.35224 
4  140.00  0.00 180.00  0.00 100.00  0.00 220.00  0.00 0.37578 
4  135.00  0.00 170.00  0.00 100.00  0.00 205.00  0.00 0.37916 
4  130.00  0.00 160.00  0.00 100.00  0.00 190.00  0.00 0.36261 
4  125.00  0.00 150.00  0.00 100.00  0.00 175.00  0.00 0.35456 
4  120.00  0.00 140.00  0.00 100.00  0.00 160.00  0.00 0.37583 
4  115.00  0.00 130.00  0.00 100.00  0.00 145.00  0.00 0.00000 
4  110.00  0.00 120.00  0.00 100.00  0.00 130.00  0.00 1.00458 
4  105.00  0.00 110.00  0.00 100.00  0.00 115.00  0.00 -424.93707 
4  145.00  0.00 185.00  0.00 105.00  0.00 225.00  0.00 0.32952 
4  140.00  0.00 175.00  0.00 105.00  0.00 210.00  0.00 -71.60034 
4  135.00  0.00 165.00  0.00 105.00  0.00 195.00  0.00 0.36243 
4  130.00  0.00 155.00  0.00 105.00  0.00 180.00  0.00 0.35718 
4  125.00  0.00 145.00  0.00 105.00  0.00 165.00  0.00 0.38505 
4  120.00  0.00 135.00  0.00 105.00  0.00 150.00  0.00 0.55134 
4  115.00  0.00 125.00  0.00 105.00  0.00 135.00  0.00 -515.49735 
4  110.00  0.00 115.00  0.00 105.00  0.00 120.00  0.00 -107.84115 
4  150.00  0.00 190.00  0.00 110.00  0.00 230.00  0.00 0.40125 
4  145.00  0.00 180.00  0.00 110.00  0.00 215.00  0.00 0.38622 
4  140.00  0.00 170.00  0.00 110.00  0.00 200.00  0.00 0.33729 
4  135.00  0.00 160.00  0.00 110.00  0.00 185.00  0.00 0.36880 
4  130.00  0.00 150.00  0.00 110.00  0.00 170.00  0.00 0.37323 
4  125.00  0.00 140.00  0.00 110.00  0.00 155.00  0.00 0.51191 
4  120.00  0.00 130.00  0.00 110.00  0.00 140.00  0.00 1.29826 
4  115.00  0.00 120.00  0.00 110.00  0.00 125.00  0.00 -47.08947 
4  155.00  0.00 195.00  0.00 115.00  0.00 235.00  0.00 -25.08392 
4  150.00  0.00 185.00  0.00 115.00  0.00 220.00  0.00 254.62661 
4  145.00  0.00 175.00  0.00 115.00  0.00 205.00  0.00 33.07767 
4  140.00  0.00 165.00  0.00 115.00  0.00 190.00  0.00 106.63180 
4  135.00  0.00 155.00  0.00 115.00  0.00 175.00  0.00 458.74536 
4  130.00  0.00 145.00  0.00 115.00  0.00 160.00  0.00 4.15232 
4  125.00  0.00 135.00  0.00 115.00  0.00 145.00  0.00 -92.52409 
4  120.00  0.00 125.00  0.00 115.00  0.00 130.00  0.00 -348.87969 
4  155.00  0.00 190.00  0.00 120.00  0.00 225.00  0.00 0.43907 
4  150.00  0.00 180.00  0.00 120.00  0.00 210.00  0.00 -261.25612 
4  145.00  0.00 170.00  0.00 120.00  0.00 195.00  0.00 0.38089 
4  140.00  0.00 160.00  0.00 120.00  0.00 180.00  0.00 0.39475 
4  135.00  0.00 150.00  0.00 120.00  0.00 165.00  0.00 0.58697 
4  130.00  0.00 140.00  0.00 120.00  0.00 150.00  0.00 2.44552 
4  125.00  0.00 130.00  0.00 120.00  0.00 135.00  0.00 12.69975 
4  160.00  0.00 195.00  0.00 125.00  0.00 230.00  0.00 0.41325 
4  155.00  0.00 185.00  0.00 125.00  0.00 215.00  0.00 0.46142 
4  150.00  0.00 175.00  0.00 125.00  0.00 200.00  0.00 0.39837 
4  145.00  0.00 165.00  0.00 125.00  0.00 185.00  0.00 0.39989 
4  140.00  0.00 155.00  0.00 125.00  0.00 170.00  0.00 0.59462 
4  135.00  0.00 145.00  0.00 125.00  0.00 155.00  0.00 1.31677 
4  130.00  0.00 135.00  0.00 125.00  0.00 140.00  0.00 16.60616 
4  165.00  0.00 200.00  0.00 130.00  0.00 235.00  0.00 0.43661 
4  160.00  0.00 190.00  0.00 130.00  0.00 220.00  0.00 0.49197 
4  155.00  0.00 180.00  0.00 130.00  0.00 205.00  0.00 0.46679 
4  150.00  0.00 170.00  0.00 130.00  0.00 190.00  0.00 0.39236 
4  145.00  0.00 160.00  0.00 130.00  0.00 175.00  0.00 0.58346 
4  140.00  0.00 150.00  0.00 130.00  0.00 160.00  0.00 1.38410 
4  135.00  0.00 140.00  0.00 130.00  0.00 145.00  0.00 34.33093 
4  165.00  0.00 195.00  0.00 135.00  0.00 225.00  0.00 0.41208 
4  160.00  0.00 185.00  0.00 135.00  0.00 210.00  0.00 -78.89144 
4  155.00  0.00 175.00  0.00 135.00  0.00 195.00  0.00 0.46725 
4  150.00  0.00 165.00  0.00 135.00  0.00 180.00  0.00 0.58117 
4  145.00  0.00 155.00  0.00 135.00  0.00 165.00  0.00 1.93153 
4  140.00  0.00 145.00  0.00 135.00  0.00 150.00  0.00 38.77502 
4  170.00  0.00 200.00  0.00 140.00  0.00 230.00  0.00 0.50034 
4  165.00  0.00 190.00  0.00 140.00  0.00 215.00  0.00 0.57299 
4  160.00  0.00 180.00  0.00 140.00  0.00 200.00  0.00 0.53409 
4  155.00  0.00 170.00  0.00 140.00  0.00 185.00  0.00 0.54053 
4  150.00  0.00 160.00  0.00 140.00  0.00 170.00  0.00 2.38999 
4  145.00  0.00 150.00  0.00 140.00  0.00 155.00  0.00 29.50149 
4  175.00  0.00 205.00  0.00 145.00  0.00 235.00  0.00 0.65444 
4  170.00  0.00 195.00  0.00 145.00  0.00 220.00  0.00 0.62967 
4  165.00  0.00 185.00  0.00 145.00  0.00 205.00  0.00 0.59815 
4  160.00  0.00 175.00  0.00 145.00  0.00 190.00  0.00 0.59712 
4  155.00  0.00 165.00  0.00 145.00  0.00 175.00  0.00 0.99481 
4  150.00  0.00 155.00  0.00 145.00  0.00 160.00  0.00 29.76267 
4  175.00  0.00 200.00  0.00 150.00  0.00 225.00  0.00 0.63485 
4  170.00  0.00 190.00  0.00 150.00  0.00 210.00  0.00 -1056.73978 
4  165.00  0.00 180.00  0.00 150.00  0.00 195.00  0.00 0.78064 
4  160.00  0.00 170.00  0.00 150.00  0.00 180.00  0.00 0.79738 
4  155.00  0.00 160.00  0.00 150.00  0.00 165.00  0.00 8.58208 
4  180.00  0.00 205.00  0.00 155.00  0.00 230.00  0.00 0.75005 
4  175.00  0.00 195.00  0.00 155.00  0.00 215.00  0.00 0.79742 
4  170.00  0.00 185.00  0.00 155.00  0.00 200.00  0.00 0.75809 
4  165.00  0.00 175.00  0.00 155.00  0.00 185.00  0.00 0.99859 
4  160.00  0.00 165.00  0.00 155.00  0.00 170.00  0.00 4.11845 
4  185.00  0.00 210.00  0.00 160.00  0.00 235.00  0.00 -875.45349 
4  180.00  0.00 200.00  0.00 160.00  0.00 220.00  0.00 0.84956 
4  175.00  0.00 190.00  0.00 160.00  0.00 205.00  0.00 0.78765 
4  170.00  0.00 180.00  0.00 160.00  0.00 190.00  0.00 1.04674 
4  165.00  0.00 170.00  0.00 160.00  0.00 175.00  0.00 3.34800 
4  185.00  0.00 205.00  0.00 165.00  0.00 225.00  0.00 0.92530 
4  180.00  0.00 195.00  0.00 165.00  0.00 210.00  0.00 -37.46640 
4  175.00  0.00 185.00  0.00 165.00  0.00 195.00  0.00 1.13645 
4  170.00  0.00 175.00  0.00 165.00  0.00 180.00  0.00 3.39497 
4  190.00  0.00 210.00  0.00 170.00  0.00 230.00  0.00 -630.90126 
4  185.00  0.00 200.00  0.00 170.00  0.00 215.00  0.00 1.11654 
4  180.00  0.00 190.00  0.00 170.00  0.00 200.00  0.00 1.06296 
4  175.00  0.00 180.00  0.00 170.00  0.00 185.00  0.00 3.31509 
4  195.00  0.00 215.00  0.00 175.00  0.00 235.00  0.00 1.81044 
4  190.00  0.00 205.00  0.00 175.00  0.00 220.00  0.00 1.37511 
4  185.00  0.00 195.00  0.00 175.00  0.00 205.00  0.00 1.19134 
4  180.00  0.00 185.00  0.00 175.00  0.00 190.00  0.00 3.05566 
4  195.00  0.00 210.00  0.00 180.00  0.00 225.00  0.00 1300.94601 
4  190.00  0.00 200.00  0.00 180.00  0.00 210.00  0.00 -29.66587 
4  185.00  0.00 190.00  0.00 180.00  0.00 195.00  0.00 3.48026 
4  200.00  0.00 215.00  0.00 185.00  0.00 230.00  0.00 2.51539 
4  195.00  0.00 205.00  0.00 185.00  0.00 215.00  0.00 2.13284 
4  190.00  0.00 195.00  0.00 185.00  0.00 200.00  0.00 3.54404 
4  205.00  0.00 220.00  0.00 190.00  0.00 235.00  0.00 5.15831 
4  200.00  0.00 210.00  0.00 190.00  0.00 220.00  0.00 14908.69790 
4  195.00  0.00 200.00  0.00 190.00  0.00 205.00  0.00 3.55702 
4  205.00  0.00 215.00  0.00 195.00  0.00 225.00  0.00 3.80637 
4  200.00  0.00 205.00  0.00 195.00  0.00 210.00  0.00 -8.68256 
4  210.00  0.00 220.00  0.00 200.00  0.00 230.00  0.00 777.62962 
4  205.00  0.00 210.00  0.00 200.00  0.00 215.00  0.00 146.99020 
4  215.00  0.00 225.00  0.00 205.00  0.00 235.00  0.00 20.84273 
4  210.00  0.00 215.00  0.00 205.00  0.00 220.00  0.00 369.64559 
4  215.00  0.00 220.00  0.00 210.00  0.00 225.00  0.00 36.91788 
4  220.00  0.00 225.00  0.00 215.00  0.00 230.00  0.00 49.04146 
4  225.00  0.00 230.00  0.00 220.00  0.00 235.00  0.00 42.02366 
0
0
0
0
