Roudabout_wen_22_06_2023.bin
         1.00
11
0
Type of measurement (0=app. resistivity,1=resistance)
1
684
 2
0
4  0.00  0.00 36.00  0.00 12.00  0.00 24.00  0.00 0.86177 
4  0.00  0.00 33.00  0.00 11.00  0.00 22.00  0.00 0.94015 
4  0.00  0.00 30.00  0.00 10.00  0.00 20.00  0.00 0.99281 
4  0.00  0.00 27.00  0.00 9.00  0.00 18.00  0.00 1.01815 
4  0.00  0.00 24.00  0.00 8.00  0.00 16.00  0.00 1.02946 
4  0.00  0.00 21.00  0.00 7.00  0.00 14.00  0.00 1.21685 
4  0.00  0.00 18.00  0.00 6.00  0.00 12.00  0.00 1.38763 
4  0.00  0.00 15.00  0.00 5.00  0.00 10.00  0.00 1.55570 
4  0.00  0.00 12.00  0.00 4.00  0.00 8.00  0.00 2.16270 
4  0.00  0.00 9.00  0.00 3.00  0.00 6.00  0.00 2.90316 
4  0.00  0.00 6.00  0.00 2.00  0.00 4.00  0.00 4.10881 
4  0.00  0.00 3.00  0.00 1.00  0.00 2.00  0.00 6.99792 
4  1.00  0.00 37.00  0.00 13.00  0.00 25.00  0.00 0.81539 
4  1.00  0.00 34.00  0.00 12.00  0.00 23.00  0.00 0.97758 
4  1.00  0.00 31.00  0.00 11.00  0.00 21.00  0.00 0.95931 
4  1.00  0.00 28.00  0.00 10.00  0.00 19.00  0.00 1.00946 
4  1.00  0.00 25.00  0.00 9.00  0.00 17.00  0.00 1.02970 
4  1.00  0.00 22.00  0.00 8.00  0.00 15.00  0.00 1.08382 
4  1.00  0.00 19.00  0.00 7.00  0.00 13.00  0.00 1.30949 
4  1.00  0.00 16.00  0.00 6.00  0.00 11.00  0.00 1.49609 
4  1.00  0.00 13.00  0.00 5.00  0.00 9.00  0.00 1.71776 
4  1.00  0.00 10.00  0.00 4.00  0.00 7.00  0.00 2.50499 
4  1.00  0.00 7.00  0.00 3.00  0.00 5.00  0.00 4.43710 
4  1.00  0.00 4.00  0.00 2.00  0.00 3.00  0.00 9.63265 
4  2.00  0.00 38.00  0.00 14.00  0.00 26.00  0.00 0.80371 
4  2.00  0.00 35.00  0.00 13.00  0.00 24.00  0.00 0.85497 
4  2.00  0.00 32.00  0.00 12.00  0.00 22.00  0.00 0.93876 
4  2.00  0.00 29.00  0.00 11.00  0.00 20.00  0.00 0.98174 
4  2.00  0.00 26.00  0.00 10.00  0.00 18.00  0.00 1.01915 
4  2.00  0.00 23.00  0.00 9.00  0.00 16.00  0.00 1.02803 
4  2.00  0.00 20.00  0.00 8.00  0.00 14.00  0.00 1.15611 
4  2.00  0.00 17.00  0.00 7.00  0.00 12.00  0.00 1.40354 
4  2.00  0.00 14.00  0.00 6.00  0.00 10.00  0.00 1.54041 
4  2.00  0.00 11.00  0.00 5.00  0.00 8.00  0.00 2.17377 
4  2.00  0.00 8.00  0.00 4.00  0.00 6.00  0.00 3.28446 
4  2.00  0.00 5.00  0.00 3.00  0.00 4.00  0.00 8.53874 
4  3.00  0.00 39.00  0.00 15.00  0.00 27.00  0.00 0.80059 
4  3.00  0.00 36.00  0.00 14.00  0.00 25.00  0.00 0.84042 
4  3.00  0.00 33.00  0.00 13.00  0.00 23.00  0.00 0.90068 
4  3.00  0.00 30.00  0.00 12.00  0.00 21.00  0.00 0.95731 
4  3.00  0.00 27.00  0.00 11.00  0.00 19.00  0.00 1.02644 
4  3.00  0.00 24.00  0.00 10.00  0.00 17.00  0.00 1.04671 
4  3.00  0.00 21.00  0.00 9.00  0.00 15.00  0.00 1.15079 
4  3.00  0.00 18.00  0.00 8.00  0.00 13.00  0.00 1.31429 
4  3.00  0.00 15.00  0.00 7.00  0.00 11.00  0.00 1.52964 
4  3.00  0.00 12.00  0.00 6.00  0.00 9.00  0.00 2.04150 
4  3.00  0.00 9.00  0.00 5.00  0.00 7.00  0.00 2.88891 
4  3.00  0.00 6.00  0.00 4.00  0.00 5.00  0.00 9.48414 
4  4.00  0.00 40.00  0.00 16.00  0.00 28.00  0.00 0.83171 
4  4.00  0.00 37.00  0.00 15.00  0.00 26.00  0.00 0.84906 
4  4.00  0.00 34.00  0.00 14.00  0.00 24.00  0.00 0.91004 
4  4.00  0.00 31.00  0.00 13.00  0.00 22.00  0.00 0.96547 
4  4.00  0.00 28.00  0.00 12.00  0.00 20.00  0.00 1.04683 
4  4.00  0.00 25.00  0.00 11.00  0.00 18.00  0.00 1.09138 
4  4.00  0.00 22.00  0.00 10.00  0.00 16.00  0.00 1.13926 
4  4.00  0.00 19.00  0.00 9.00  0.00 14.00  0.00 1.34393 
4  4.00  0.00 16.00  0.00 8.00  0.00 12.00  0.00 1.54678 
4  4.00  0.00 13.00  0.00 7.00  0.00 10.00  0.00 1.98146 
4  4.00  0.00 10.00  0.00 6.00  0.00 8.00  0.00 3.52234 
4  4.00  0.00 7.00  0.00 5.00  0.00 6.00  0.00 7.99071 
4  5.00  0.00 41.00  0.00 17.00  0.00 29.00  0.00 0.82913 
4  5.00  0.00 38.00  0.00 16.00  0.00 27.00  0.00 0.88793 
4  5.00  0.00 35.00  0.00 15.00  0.00 25.00  0.00 0.91452 
4  5.00  0.00 32.00  0.00 14.00  0.00 23.00  0.00 0.96475 
4  5.00  0.00 29.00  0.00 13.00  0.00 21.00  0.00 1.01053 
4  5.00  0.00 26.00  0.00 12.00  0.00 19.00  0.00 1.12369 
4  5.00  0.00 23.00  0.00 11.00  0.00 17.00  0.00 1.17758 
4  5.00  0.00 20.00  0.00 10.00  0.00 15.00  0.00 1.37378 
4  5.00  0.00 17.00  0.00 9.00  0.00 13.00  0.00 1.65954 
4  5.00  0.00 14.00  0.00 8.00  0.00 11.00  0.00 1.78021 
4  5.00  0.00 11.00  0.00 7.00  0.00 9.00  0.00 3.46073 
4  5.00  0.00 8.00  0.00 6.00  0.00 7.00  0.00 8.20141 
4  6.00  0.00 42.00  0.00 18.00  0.00 30.00  0.00 0.79724 
4  6.00  0.00 39.00  0.00 17.00  0.00 28.00  0.00 0.85669 
4  6.00  0.00 36.00  0.00 16.00  0.00 26.00  0.00 0.92756 
4  6.00  0.00 33.00  0.00 15.00  0.00 24.00  0.00 0.97742 
4  6.00  0.00 30.00  0.00 14.00  0.00 22.00  0.00 1.01878 
4  6.00  0.00 27.00  0.00 13.00  0.00 20.00  0.00 1.08646 
4  6.00  0.00 24.00  0.00 12.00  0.00 18.00  0.00 1.15856 
4  6.00  0.00 21.00  0.00 11.00  0.00 16.00  0.00 1.24850 
4  6.00  0.00 18.00  0.00 10.00  0.00 14.00  0.00 1.59371 
4  6.00  0.00 15.00  0.00 9.00  0.00 12.00  0.00 1.82044 
4  6.00  0.00 12.00  0.00 8.00  0.00 10.00  0.00 2.80810 
4  6.00  0.00 9.00  0.00 7.00  0.00 8.00  0.00 9.05783 
4  7.00  0.00 43.00  0.00 19.00  0.00 31.00  0.00 0.78269 
4  7.00  0.00 40.00  0.00 18.00  0.00 29.00  0.00 0.84847 
4  7.00  0.00 37.00  0.00 17.00  0.00 27.00  0.00 0.90218 
4  7.00  0.00 34.00  0.00 16.00  0.00 25.00  0.00 0.98082 
4  7.00  0.00 31.00  0.00 15.00  0.00 23.00  0.00 1.03256 
4  7.00  0.00 28.00  0.00 14.00  0.00 21.00  0.00 1.09478 
4  7.00  0.00 25.00  0.00 13.00  0.00 19.00  0.00 1.14480 
4  7.00  0.00 22.00  0.00 12.00  0.00 17.00  0.00 1.21755 
4  7.00  0.00 19.00  0.00 11.00  0.00 15.00  0.00 1.50164 
4  7.00  0.00 16.00  0.00 10.00  0.00 13.00  0.00 2.01350 
4  7.00  0.00 13.00  0.00 9.00  0.00 11.00  0.00 2.60743 
4  7.00  0.00 10.00  0.00 8.00  0.00 9.00  0.00 7.89315 
4  8.00  0.00 44.00  0.00 20.00  0.00 32.00  0.00 0.76361 
4  8.00  0.00 41.00  0.00 19.00  0.00 30.00  0.00 0.83408 
4  8.00  0.00 38.00  0.00 18.00  0.00 28.00  0.00 0.88297 
4  8.00  0.00 35.00  0.00 17.00  0.00 26.00  0.00 0.96189 
4  8.00  0.00 32.00  0.00 16.00  0.00 24.00  0.00 1.08454 
4  8.00  0.00 29.00  0.00 15.00  0.00 22.00  0.00 1.12216 
4  8.00  0.00 26.00  0.00 14.00  0.00 20.00  0.00 1.18616 
4  8.00  0.00 23.00  0.00 13.00  0.00 18.00  0.00 1.22046 
4  8.00  0.00 20.00  0.00 12.00  0.00 16.00  0.00 1.38301 
4  8.00  0.00 17.00  0.00 11.00  0.00 14.00  0.00 1.99571 
4  8.00  0.00 14.00  0.00 10.00  0.00 12.00  0.00 2.73297 
4  8.00  0.00 11.00  0.00 9.00  0.00 10.00  0.00 8.35067 
4  9.00  0.00 45.00  0.00 21.00  0.00 33.00  0.00 0.77787 
4  9.00  0.00 42.00  0.00 20.00  0.00 31.00  0.00 0.80383 
4  9.00  0.00 39.00  0.00 19.00  0.00 29.00  0.00 0.85633 
4  9.00  0.00 36.00  0.00 18.00  0.00 27.00  0.00 0.91476 
4  9.00  0.00 33.00  0.00 17.00  0.00 25.00  0.00 1.01098 
4  9.00  0.00 30.00  0.00 16.00  0.00 23.00  0.00 1.12545 
4  9.00  0.00 27.00  0.00 15.00  0.00 21.00  0.00 1.18555 
4  9.00  0.00 24.00  0.00 14.00  0.00 19.00  0.00 1.23087 
4  9.00  0.00 21.00  0.00 13.00  0.00 17.00  0.00 1.29950 
4  9.00  0.00 18.00  0.00 12.00  0.00 15.00  0.00 1.81507 
4  9.00  0.00 15.00  0.00 11.00  0.00 13.00  0.00 2.71103 
4  9.00  0.00 12.00  0.00 10.00  0.00 11.00  0.00 8.42402 
4  10.00  0.00 46.00  0.00 22.00  0.00 34.00  0.00 0.77158 
4  10.00  0.00 43.00  0.00 21.00  0.00 32.00  0.00 0.80021 
4  10.00  0.00 40.00  0.00 20.00  0.00 30.00  0.00 0.85340 
4  10.00  0.00 37.00  0.00 19.00  0.00 28.00  0.00 0.89069 
4  10.00  0.00 34.00  0.00 18.00  0.00 26.00  0.00 0.95891 
4  10.00  0.00 31.00  0.00 17.00  0.00 24.00  0.00 1.10083 
4  10.00  0.00 28.00  0.00 16.00  0.00 22.00  0.00 1.24628 
4  10.00  0.00 25.00  0.00 15.00  0.00 20.00  0.00 1.28445 
4  10.00  0.00 22.00  0.00 14.00  0.00 18.00  0.00 1.31961 
4  10.00  0.00 19.00  0.00 13.00  0.00 16.00  0.00 1.50040 
4  10.00  0.00 16.00  0.00 12.00  0.00 14.00  0.00 2.81487 
4  10.00  0.00 13.00  0.00 11.00  0.00 12.00  0.00 7.68291 
4  11.00  0.00 47.00  0.00 23.00  0.00 35.00  0.00 0.79254 
4  11.00  0.00 44.00  0.00 22.00  0.00 33.00  0.00 0.78801 
4  11.00  0.00 41.00  0.00 21.00  0.00 31.00  0.00 0.83525 
4  11.00  0.00 38.00  0.00 20.00  0.00 29.00  0.00 0.87900 
4  11.00  0.00 35.00  0.00 19.00  0.00 27.00  0.00 0.93702 
4  11.00  0.00 32.00  0.00 18.00  0.00 25.00  0.00 1.05033 
4  11.00  0.00 29.00  0.00 17.00  0.00 23.00  0.00 1.18925 
4  11.00  0.00 26.00  0.00 16.00  0.00 21.00  0.00 1.35855 
4  11.00  0.00 23.00  0.00 15.00  0.00 19.00  0.00 1.39703 
4  11.00  0.00 20.00  0.00 14.00  0.00 17.00  0.00 1.54549 
4  11.00  0.00 17.00  0.00 13.00  0.00 15.00  0.00 2.53973 
4  11.00  0.00 14.00  0.00 12.00  0.00 13.00  0.00 6.85236 
4  12.00  0.00 45.00  0.00 23.00  0.00 34.00  0.00 0.78227 
4  12.00  0.00 42.00  0.00 22.00  0.00 32.00  0.00 0.81785 
4  12.00  0.00 39.00  0.00 21.00  0.00 30.00  0.00 0.88345 
4  12.00  0.00 36.00  0.00 20.00  0.00 28.00  0.00 0.92445 
4  12.00  0.00 33.00  0.00 19.00  0.00 26.00  0.00 1.01289 
4  12.00  0.00 30.00  0.00 18.00  0.00 24.00  0.00 1.15088 
4  12.00  0.00 27.00  0.00 17.00  0.00 22.00  0.00 1.37736 
4  12.00  0.00 24.00  0.00 16.00  0.00 20.00  0.00 1.57388 
4  12.00  0.00 21.00  0.00 15.00  0.00 18.00  0.00 1.67567 
4  12.00  0.00 18.00  0.00 14.00  0.00 16.00  0.00 2.15638 
4  12.00  0.00 15.00  0.00 13.00  0.00 14.00  0.00 5.71909 
4  13.00  0.00 46.00  0.00 24.00  0.00 35.00  0.00 0.79265 
4  13.00  0.00 43.00  0.00 23.00  0.00 33.00  0.00 0.91523 
4  13.00  0.00 40.00  0.00 22.00  0.00 31.00  0.00 0.88745 
4  13.00  0.00 37.00  0.00 21.00  0.00 29.00  0.00 0.92229 
4  13.00  0.00 34.00  0.00 20.00  0.00 27.00  0.00 0.98831 
4  13.00  0.00 31.00  0.00 19.00  0.00 25.00  0.00 1.11933 
4  13.00  0.00 28.00  0.00 18.00  0.00 23.00  0.00 1.33131 
4  13.00  0.00 25.00  0.00 17.00  0.00 21.00  0.00 1.59169 
4  13.00  0.00 22.00  0.00 16.00  0.00 19.00  0.00 1.94965 
4  13.00  0.00 19.00  0.00 15.00  0.00 17.00  0.00 2.28841 
4  13.00  0.00 16.00  0.00 14.00  0.00 15.00  0.00 6.11135 
4  14.00  0.00 47.00  0.00 25.00  0.00 36.00  0.00 0.83895 
4  14.00  0.00 44.00  0.00 24.00  0.00 34.00  0.00 0.83868 
4  14.00  0.00 41.00  0.00 23.00  0.00 32.00  0.00 0.88610 
4  14.00  0.00 38.00  0.00 22.00  0.00 30.00  0.00 0.91918 
4  14.00  0.00 35.00  0.00 21.00  0.00 28.00  0.00 0.97790 
4  14.00  0.00 32.00  0.00 20.00  0.00 26.00  0.00 1.10655 
4  14.00  0.00 29.00  0.00 19.00  0.00 24.00  0.00 1.26312 
4  14.00  0.00 26.00  0.00 18.00  0.00 22.00  0.00 1.58613 
4  14.00  0.00 23.00  0.00 17.00  0.00 20.00  0.00 1.99516 
4  14.00  0.00 20.00  0.00 16.00  0.00 18.00  0.00 2.87631 
4  14.00  0.00 17.00  0.00 15.00  0.00 16.00  0.00 5.35792 
4  15.00  0.00 45.00  0.00 25.00  0.00 35.00  0.00 0.82204 
4  15.00  0.00 42.00  0.00 24.00  0.00 33.00  0.00 0.95450 
4  15.00  0.00 39.00  0.00 23.00  0.00 31.00  0.00 0.91497 
4  15.00  0.00 36.00  0.00 22.00  0.00 29.00  0.00 0.96756 
4  15.00  0.00 33.00  0.00 21.00  0.00 27.00  0.00 1.05772 
4  15.00  0.00 30.00  0.00 20.00  0.00 25.00  0.00 1.20193 
4  15.00  0.00 27.00  0.00 19.00  0.00 23.00  0.00 1.52317 
4  15.00  0.00 24.00  0.00 18.00  0.00 21.00  0.00 1.93615 
4  15.00  0.00 21.00  0.00 17.00  0.00 19.00  0.00 3.11232 
4  15.00  0.00 18.00  0.00 16.00  0.00 17.00  0.00 8.27137 
4  16.00  0.00 46.00  0.00 26.00  0.00 36.00  0.00 0.82977 
4  16.00  0.00 43.00  0.00 25.00  0.00 34.00  0.00 1.06822 
4  16.00  0.00 40.00  0.00 24.00  0.00 32.00  0.00 0.93112 
4  16.00  0.00 37.00  0.00 23.00  0.00 30.00  0.00 0.97810 
4  16.00  0.00 34.00  0.00 22.00  0.00 28.00  0.00 0.90646 
4  16.00  0.00 31.00  0.00 21.00  0.00 26.00  0.00 1.20733 
4  16.00  0.00 28.00  0.00 20.00  0.00 24.00  0.00 1.47477 
4  16.00  0.00 25.00  0.00 19.00  0.00 22.00  0.00 1.97620 
4  16.00  0.00 22.00  0.00 18.00  0.00 20.00  0.00 3.02294 
4  16.00  0.00 19.00  0.00 17.00  0.00 18.00  0.00 8.03510 
4  17.00  0.00 47.00  0.00 27.00  0.00 37.00  0.00 0.86516 
4  17.00  0.00 44.00  0.00 26.00  0.00 35.00  0.00 0.89055 
4  17.00  0.00 41.00  0.00 25.00  0.00 33.00  0.00 1.01446 
4  17.00  0.00 38.00  0.00 24.00  0.00 31.00  0.00 0.98699 
4  17.00  0.00 35.00  0.00 23.00  0.00 29.00  0.00 1.05968 
4  17.00  0.00 32.00  0.00 22.00  0.00 27.00  0.00 1.20494 
4  17.00  0.00 29.00  0.00 21.00  0.00 25.00  0.00 1.43656 
4  17.00  0.00 26.00  0.00 20.00  0.00 23.00  0.00 1.96433 
4  17.00  0.00 23.00  0.00 19.00  0.00 21.00  0.00 2.99075 
4  17.00  0.00 20.00  0.00 18.00  0.00 19.00  0.00 9.48748 
4  18.00  0.00 45.00  0.00 27.00  0.00 36.00  0.00 0.88851 
4  18.00  0.00 42.00  0.00 26.00  0.00 34.00  0.00 1.08229 
4  18.00  0.00 39.00  0.00 25.00  0.00 32.00  0.00 1.03727 
4  18.00  0.00 36.00  0.00 24.00  0.00 30.00  0.00 1.10134 
4  18.00  0.00 33.00  0.00 23.00  0.00 28.00  0.00 1.21590 
4  18.00  0.00 30.00  0.00 22.00  0.00 26.00  0.00 1.43203 
4  18.00  0.00 27.00  0.00 21.00  0.00 24.00  0.00 2.05451 
4  18.00  0.00 24.00  0.00 20.00  0.00 22.00  0.00 3.23945 
4  18.00  0.00 21.00  0.00 19.00  0.00 20.00  0.00 8.89649 
4  19.00  0.00 46.00  0.00 28.00  0.00 37.00  0.00 0.88111 
4  19.00  0.00 43.00  0.00 27.00  0.00 35.00  0.00 1.03101 
4  19.00  0.00 40.00  0.00 26.00  0.00 33.00  0.00 1.11373 
4  19.00  0.00 37.00  0.00 25.00  0.00 31.00  0.00 1.14111 
4  19.00  0.00 34.00  0.00 24.00  0.00 29.00  0.00 1.25864 
4  19.00  0.00 31.00  0.00 23.00  0.00 27.00  0.00 1.52479 
4  19.00  0.00 28.00  0.00 22.00  0.00 25.00  0.00 1.99261 
4  19.00  0.00 25.00  0.00 21.00  0.00 23.00  0.00 3.38681 
4  19.00  0.00 22.00  0.00 20.00  0.00 21.00  0.00 8.24007 
4  20.00  0.00 47.00  0.00 29.00  0.00 38.00  0.00 0.90384 
4  20.00  0.00 44.00  0.00 28.00  0.00 36.00  0.00 0.96511 
4  20.00  0.00 41.00  0.00 27.00  0.00 34.00  0.00 1.15580 
4  20.00  0.00 38.00  0.00 26.00  0.00 32.00  0.00 1.19425 
4  20.00  0.00 35.00  0.00 25.00  0.00 30.00  0.00 1.34611 
4  20.00  0.00 32.00  0.00 24.00  0.00 28.00  0.00 1.59050 
4  20.00  0.00 29.00  0.00 23.00  0.00 26.00  0.00 2.11370 
4  20.00  0.00 26.00  0.00 22.00  0.00 24.00  0.00 3.39428 
4  20.00  0.00 23.00  0.00 21.00  0.00 22.00  0.00 9.80440 
4  21.00  0.00 45.00  0.00 29.00  0.00 37.00  0.00 0.93800 
4  21.00  0.00 42.00  0.00 28.00  0.00 35.00  0.00 1.13250 
4  21.00  0.00 39.00  0.00 27.00  0.00 33.00  0.00 1.25844 
4  21.00  0.00 36.00  0.00 26.00  0.00 31.00  0.00 1.35711 
4  21.00  0.00 33.00  0.00 25.00  0.00 29.00  0.00 1.64749 
4  21.00  0.00 30.00  0.00 24.00  0.00 27.00  0.00 2.04513 
4  21.00  0.00 27.00  0.00 23.00  0.00 25.00  0.00 3.41635 
4  21.00  0.00 24.00  0.00 22.00  0.00 23.00  0.00 8.33829 
4  22.00  0.00 46.00  0.00 30.00  0.00 38.00  0.00 0.92297 
4  22.00  0.00 43.00  0.00 29.00  0.00 36.00  0.00 1.11800 
4  22.00  0.00 40.00  0.00 28.00  0.00 34.00  0.00 1.18723 
4  22.00  0.00 37.00  0.00 27.00  0.00 32.00  0.00 1.42085 
4  22.00  0.00 34.00  0.00 26.00  0.00 30.00  0.00 1.71902 
4  22.00  0.00 31.00  0.00 25.00  0.00 28.00  0.00 2.30173 
4  22.00  0.00 28.00  0.00 24.00  0.00 26.00  0.00 3.64522 
4  22.00  0.00 25.00  0.00 23.00  0.00 24.00  0.00 9.82117 
4  23.00  0.00 47.00  0.00 31.00  0.00 39.00  0.00 0.93834 
4  23.00  0.00 44.00  0.00 30.00  0.00 37.00  0.00 1.04658 
4  23.00  0.00 41.00  0.00 29.00  0.00 35.00  0.00 1.27335 
4  23.00  0.00 38.00  0.00 28.00  0.00 33.00  0.00 1.49472 
4  23.00  0.00 35.00  0.00 27.00  0.00 31.00  0.00 1.73079 
4  23.00  0.00 32.00  0.00 26.00  0.00 29.00  0.00 2.40122 
4  23.00  0.00 29.00  0.00 25.00  0.00 27.00  0.00 3.64349 
4  23.00  0.00 26.00  0.00 24.00  0.00 25.00  0.00 9.24330 
4  24.00  0.00 45.00  0.00 31.00  0.00 38.00  0.00 1.03159 
4  24.00  0.00 42.00  0.00 30.00  0.00 36.00  0.00 1.27262 
4  24.00  0.00 39.00  0.00 29.00  0.00 34.00  0.00 1.47992 
4  24.00  0.00 36.00  0.00 28.00  0.00 32.00  0.00 1.78331 
4  24.00  0.00 33.00  0.00 27.00  0.00 30.00  0.00 2.45556 
4  24.00  0.00 30.00  0.00 26.00  0.00 28.00  0.00 3.60415 
4  24.00  0.00 27.00  0.00 25.00  0.00 26.00  0.00 10.30947 
4  25.00  0.00 46.00  0.00 32.00  0.00 39.00  0.00 0.97899 
4  25.00  0.00 43.00  0.00 31.00  0.00 37.00  0.00 1.26474 
4  25.00  0.00 40.00  0.00 30.00  0.00 35.00  0.00 1.46565 
4  25.00  0.00 37.00  0.00 29.00  0.00 33.00  0.00 1.85804 
4  25.00  0.00 34.00  0.00 28.00  0.00 31.00  0.00 2.38049 
4  25.00  0.00 31.00  0.00 27.00  0.00 29.00  0.00 4.02161 
4  25.00  0.00 28.00  0.00 26.00  0.00 27.00  0.00 9.89061 
4  26.00  0.00 47.00  0.00 33.00  0.00 40.00  0.00 0.92782 
4  26.00  0.00 44.00  0.00 32.00  0.00 38.00  0.00 1.21910 
4  26.00  0.00 41.00  0.00 31.00  0.00 36.00  0.00 1.55435 
4  26.00  0.00 38.00  0.00 30.00  0.00 34.00  0.00 1.86829 
4  26.00  0.00 35.00  0.00 29.00  0.00 32.00  0.00 2.47203 
4  26.00  0.00 32.00  0.00 28.00  0.00 30.00  0.00 4.46421 
4  26.00  0.00 29.00  0.00 27.00  0.00 28.00  0.00 10.29049 
4  27.00  0.00 45.00  0.00 33.00  0.00 39.00  0.00 1.11408 
4  27.00  0.00 42.00  0.00 32.00  0.00 37.00  0.00 1.51752 
4  27.00  0.00 39.00  0.00 31.00  0.00 35.00  0.00 1.88147 
4  27.00  0.00 36.00  0.00 30.00  0.00 33.00  0.00 2.62364 
4  27.00  0.00 33.00  0.00 29.00  0.00 31.00  0.00 4.00522 
4  27.00  0.00 30.00  0.00 28.00  0.00 29.00  0.00 9.86193 
4  28.00  0.00 46.00  0.00 34.00  0.00 40.00  0.00 0.99030 
4  28.00  0.00 43.00  0.00 33.00  0.00 38.00  0.00 1.47982 
4  28.00  0.00 40.00  0.00 32.00  0.00 36.00  0.00 1.96700 
4  28.00  0.00 37.00  0.00 31.00  0.00 34.00  0.00 2.85334 
4  28.00  0.00 34.00  0.00 30.00  0.00 32.00  0.00 4.07623 
4  28.00  0.00 31.00  0.00 29.00  0.00 30.00  0.00 10.28071 
4  29.00  0.00 47.00  0.00 35.00  0.00 41.00  0.00 0.99718 
4  29.00  0.00 44.00  0.00 34.00  0.00 39.00  0.00 1.54814 
4  29.00  0.00 41.00  0.00 33.00  0.00 37.00  0.00 1.89297 
4  29.00  0.00 38.00  0.00 32.00  0.00 35.00  0.00 2.88792 
4  29.00  0.00 35.00  0.00 31.00  0.00 33.00  0.00 5.16648 
4  29.00  0.00 32.00  0.00 30.00  0.00 31.00  0.00 10.21703 
4  30.00  0.00 45.00  0.00 35.00  0.00 40.00  0.00 1.45863 
4  30.00  0.00 42.00  0.00 34.00  0.00 38.00  0.00 2.01959 
4  30.00  0.00 39.00  0.00 33.00  0.00 36.00  0.00 2.71688 
4  30.00  0.00 36.00  0.00 32.00  0.00 34.00  0.00 6.55061 
4  30.00  0.00 33.00  0.00 31.00  0.00 32.00  0.00 12.51402 
4  31.00  0.00 46.00  0.00 36.00  0.00 41.00  0.00 1.18652 
4  31.00  0.00 43.00  0.00 35.00  0.00 39.00  0.00 2.44828 
4  31.00  0.00 40.00  0.00 34.00  0.00 37.00  0.00 2.74937 
4  31.00  0.00 37.00  0.00 33.00  0.00 35.00  0.00 6.24212 
4  31.00  0.00 34.00  0.00 32.00  0.00 33.00  0.00 17.93478 
4  32.00  0.00 47.00  0.00 37.00  0.00 42.00  0.00 1.19355 
4  32.00  0.00 44.00  0.00 36.00  0.00 40.00  0.00 2.60334 
4  32.00  0.00 41.00  0.00 35.00  0.00 38.00  0.00 3.64624 
4  32.00  0.00 38.00  0.00 34.00  0.00 36.00  0.00 6.51012 
4  32.00  0.00 35.00  0.00 33.00  0.00 34.00  0.00 26.26120 
4  33.00  0.00 45.00  0.00 37.00  0.00 41.00  0.00 2.34903 
4  33.00  0.00 42.00  0.00 36.00  0.00 39.00  0.00 4.59095 
4  33.00  0.00 39.00  0.00 35.00  0.00 37.00  0.00 6.12821 
4  33.00  0.00 36.00  0.00 34.00  0.00 35.00  0.00 30.61844 
4  34.00  0.00 46.00  0.00 38.00  0.00 42.00  0.00 1.67132 
4  34.00  0.00 43.00  0.00 37.00  0.00 40.00  0.00 5.50141 
4  34.00  0.00 40.00  0.00 36.00  0.00 38.00  0.00 10.40438 
4  34.00  0.00 37.00  0.00 35.00  0.00 36.00  0.00 39.05213 
4  35.00  0.00 47.00  0.00 39.00  0.00 43.00  0.00 1.56899 
4  35.00  0.00 44.00  0.00 38.00  0.00 41.00  0.00 5.82278 
4  35.00  0.00 41.00  0.00 37.00  0.00 39.00  0.00 13.24472 
4  35.00  0.00 38.00  0.00 36.00  0.00 37.00  0.00 36.70762 
4  36.00  0.00 45.00  0.00 39.00  0.00 42.00  0.00 5.42073 
4  36.00  0.00 42.00  0.00 38.00  0.00 40.00  0.00 13.99343 
4  36.00  0.00 39.00  0.00 37.00  0.00 38.00  0.00 48.73006 
4  37.00  0.00 46.00  0.00 40.00  0.00 43.00  0.00 3.14812 
4  37.00  0.00 43.00  0.00 39.00  0.00 41.00  0.00 14.64115 
4  37.00  0.00 40.00  0.00 38.00  0.00 39.00  0.00 50.80089 
4  38.00  0.00 47.00  0.00 41.00  0.00 44.00  0.00 3.83181 
4  38.00  0.00 44.00  0.00 40.00  0.00 42.00  0.00 20.50064 
4  38.00  0.00 41.00  0.00 39.00  0.00 40.00  0.00 55.46233 
4  39.00  0.00 45.00  0.00 41.00  0.00 43.00  0.00 20.09740 
4  39.00  0.00 42.00  0.00 40.00  0.00 41.00  0.00 59.20092 
4  40.00  0.00 46.00  0.00 42.00  0.00 44.00  0.00 13.85690 
4  40.00  0.00 43.00  0.00 41.00  0.00 42.00  0.00 71.48653 
4  41.00  0.00 47.00  0.00 43.00  0.00 45.00  0.00 15.11306 
4  41.00  0.00 44.00  0.00 42.00  0.00 43.00  0.00 67.86762 
4  42.00  0.00 45.00  0.00 43.00  0.00 44.00  0.00 83.37147 
4  43.00  0.00 46.00  0.00 44.00  0.00 45.00  0.00 55.83805 
4  44.00  0.00 47.00  0.00 45.00  0.00 46.00  0.00 71.11755 
4  12.00  0.00 24.00  0.00 0.00  0.00 36.00  0.00 0.86432 
4  11.00  0.00 22.00  0.00 0.00  0.00 33.00  0.00 0.94740 
4  10.00  0.00 20.00  0.00 0.00  0.00 30.00  0.00 0.97997 
4  9.00  0.00 18.00  0.00 0.00  0.00 27.00  0.00 1.01563 
4  8.00  0.00 16.00  0.00 0.00  0.00 24.00  0.00 1.02003 
4  7.00  0.00 14.00  0.00 0.00  0.00 21.00  0.00 1.20939 
4  6.00  0.00 12.00  0.00 0.00  0.00 18.00  0.00 1.39174 
4  5.00  0.00 10.00  0.00 0.00  0.00 15.00  0.00 1.55013 
4  4.00  0.00 8.00  0.00 0.00  0.00 12.00  0.00 2.16332 
4  3.00  0.00 6.00  0.00 0.00  0.00 9.00  0.00 2.90861 
4  2.00  0.00 4.00  0.00 0.00  0.00 6.00  0.00 4.18569 
4  1.00  0.00 2.00  0.00 0.00  0.00 3.00  0.00 7.01366 
4  13.00  0.00 25.00  0.00 1.00  0.00 37.00  0.00 0.82847 
4  12.00  0.00 23.00  0.00 1.00  0.00 34.00  0.00 0.90868 
4  11.00  0.00 21.00  0.00 1.00  0.00 31.00  0.00 0.96966 
4  10.00  0.00 19.00  0.00 1.00  0.00 28.00  0.00 1.00922 
4  9.00  0.00 17.00  0.00 1.00  0.00 25.00  0.00 1.02075 
4  8.00  0.00 15.00  0.00 1.00  0.00 22.00  0.00 1.08492 
4  7.00  0.00 13.00  0.00 1.00  0.00 19.00  0.00 1.30918 
4  6.00  0.00 11.00  0.00 1.00  0.00 16.00  0.00 1.49041 
4  5.00  0.00 9.00  0.00 1.00  0.00 13.00  0.00 1.72039 
4  4.00  0.00 7.00  0.00 1.00  0.00 10.00  0.00 2.50391 
4  3.00  0.00 5.00  0.00 1.00  0.00 7.00  0.00 4.44387 
4  2.00  0.00 3.00  0.00 1.00  0.00 4.00  0.00 9.65606 
4  14.00  0.00 26.00  0.00 2.00  0.00 38.00  0.00 0.80420 
4  13.00  0.00 24.00  0.00 2.00  0.00 35.00  0.00 0.83298 
4  12.00  0.00 22.00  0.00 2.00  0.00 32.00  0.00 0.80718 
4  11.00  0.00 20.00  0.00 2.00  0.00 29.00  0.00 0.98106 
4  10.00  0.00 18.00  0.00 2.00  0.00 26.00  0.00 1.01839 
4  9.00  0.00 16.00  0.00 2.00  0.00 23.00  0.00 1.02793 
4  8.00  0.00 14.00  0.00 2.00  0.00 20.00  0.00 1.18703 
4  7.00  0.00 12.00  0.00 2.00  0.00 17.00  0.00 1.42264 
4  6.00  0.00 10.00  0.00 2.00  0.00 14.00  0.00 1.54277 
4  5.00  0.00 8.00  0.00 2.00  0.00 11.00  0.00 2.17495 
4  4.00  0.00 6.00  0.00 2.00  0.00 8.00  0.00 3.30608 
4  3.00  0.00 4.00  0.00 2.00  0.00 5.00  0.00 8.52878 
4  15.00  0.00 27.00  0.00 3.00  0.00 39.00  0.00 0.83224 
4  14.00  0.00 25.00  0.00 3.00  0.00 36.00  0.00 0.87037 
4  13.00  0.00 23.00  0.00 3.00  0.00 33.00  0.00 0.90533 
4  12.00  0.00 21.00  0.00 3.00  0.00 30.00  0.00 0.96954 
4  11.00  0.00 19.00  0.00 3.00  0.00 27.00  0.00 1.02450 
4  10.00  0.00 17.00  0.00 3.00  0.00 24.00  0.00 1.05942 
4  9.00  0.00 15.00  0.00 3.00  0.00 21.00  0.00 1.14588 
4  8.00  0.00 13.00  0.00 3.00  0.00 18.00  0.00 1.29209 
4  7.00  0.00 11.00  0.00 3.00  0.00 15.00  0.00 1.53446 
4  6.00  0.00 9.00  0.00 3.00  0.00 12.00  0.00 2.04146 
4  5.00  0.00 7.00  0.00 3.00  0.00 9.00  0.00 2.92473 
4  4.00  0.00 5.00  0.00 3.00  0.00 6.00  0.00 9.46600 
4  16.00  0.00 28.00  0.00 4.00  0.00 40.00  0.00 0.83495 
4  15.00  0.00 26.00  0.00 4.00  0.00 37.00  0.00 0.83756 
4  14.00  0.00 24.00  0.00 4.00  0.00 34.00  0.00 0.90854 
4  13.00  0.00 22.00  0.00 4.00  0.00 31.00  0.00 0.96249 
4  12.00  0.00 20.00  0.00 4.00  0.00 28.00  0.00 1.04520 
4  11.00  0.00 18.00  0.00 4.00  0.00 25.00  0.00 1.09067 
4  10.00  0.00 16.00  0.00 4.00  0.00 22.00  0.00 1.14168 
4  9.00  0.00 14.00  0.00 4.00  0.00 19.00  0.00 1.34714 
4  8.00  0.00 12.00  0.00 4.00  0.00 16.00  0.00 1.54469 
4  7.00  0.00 10.00  0.00 4.00  0.00 13.00  0.00 1.98514 
4  6.00  0.00 8.00  0.00 4.00  0.00 10.00  0.00 3.55997 
4  5.00  0.00 6.00  0.00 4.00  0.00 7.00  0.00 7.99886 
4  17.00  0.00 29.00  0.00 5.00  0.00 41.00  0.00 0.83657 
4  16.00  0.00 27.00  0.00 5.00  0.00 38.00  0.00 0.88900 
4  15.00  0.00 25.00  0.00 5.00  0.00 35.00  0.00 0.91190 
4  14.00  0.00 23.00  0.00 5.00  0.00 32.00  0.00 0.98118 
4  13.00  0.00 21.00  0.00 5.00  0.00 29.00  0.00 1.02028 
4  12.00  0.00 19.00  0.00 5.00  0.00 26.00  0.00 1.12155 
4  11.00  0.00 17.00  0.00 5.00  0.00 23.00  0.00 1.17504 
4  10.00  0.00 15.00  0.00 5.00  0.00 20.00  0.00 1.37144 
4  9.00  0.00 13.00  0.00 5.00  0.00 17.00  0.00 1.66057 
4  8.00  0.00 11.00  0.00 5.00  0.00 14.00  0.00 1.78116 
4  7.00  0.00 9.00  0.00 5.00  0.00 11.00  0.00 3.51651 
4  6.00  0.00 7.00  0.00 5.00  0.00 8.00  0.00 8.19410 
4  18.00  0.00 30.00  0.00 6.00  0.00 42.00  0.00 0.81649 
4  17.00  0.00 28.00  0.00 6.00  0.00 39.00  0.00 0.85397 
4  16.00  0.00 26.00  0.00 6.00  0.00 36.00  0.00 0.92624 
4  15.00  0.00 24.00  0.00 6.00  0.00 33.00  0.00 0.97918 
4  14.00  0.00 22.00  0.00 6.00  0.00 30.00  0.00 1.02780 
4  13.00  0.00 20.00  0.00 6.00  0.00 27.00  0.00 1.08817 
4  12.00  0.00 18.00  0.00 6.00  0.00 24.00  0.00 1.15956 
4  11.00  0.00 16.00  0.00 6.00  0.00 21.00  0.00 1.24801 
4  10.00  0.00 14.00  0.00 6.00  0.00 18.00  0.00 1.59474 
4  9.00  0.00 12.00  0.00 6.00  0.00 15.00  0.00 1.81628 
4  8.00  0.00 10.00  0.00 6.00  0.00 12.00  0.00 2.85845 
4  7.00  0.00 8.00  0.00 6.00  0.00 9.00  0.00 9.05816 
4  19.00  0.00 31.00  0.00 7.00  0.00 43.00  0.00 0.79620 
4  18.00  0.00 29.00  0.00 7.00  0.00 40.00  0.00 0.85473 
4  17.00  0.00 27.00  0.00 7.00  0.00 37.00  0.00 0.90102 
4  16.00  0.00 25.00  0.00 7.00  0.00 34.00  0.00 0.97571 
4  15.00  0.00 23.00  0.00 7.00  0.00 31.00  0.00 1.03365 
4  14.00  0.00 21.00  0.00 7.00  0.00 28.00  0.00 1.09278 
4  13.00  0.00 19.00  0.00 7.00  0.00 25.00  0.00 1.14621 
4  12.00  0.00 17.00  0.00 7.00  0.00 22.00  0.00 1.21553 
4  11.00  0.00 15.00  0.00 7.00  0.00 19.00  0.00 1.50215 
4  10.00  0.00 13.00  0.00 7.00  0.00 16.00  0.00 2.01395 
4  9.00  0.00 11.00  0.00 7.00  0.00 13.00  0.00 2.66008 
4  8.00  0.00 9.00  0.00 7.00  0.00 10.00  0.00 7.88875 
4  20.00  0.00 32.00  0.00 8.00  0.00 44.00  0.00 0.78994 
4  19.00  0.00 30.00  0.00 8.00  0.00 41.00  0.00 0.83739 
4  18.00  0.00 28.00  0.00 8.00  0.00 38.00  0.00 0.88247 
4  17.00  0.00 26.00  0.00 8.00  0.00 35.00  0.00 0.96160 
4  16.00  0.00 24.00  0.00 8.00  0.00 32.00  0.00 1.08923 
4  15.00  0.00 22.00  0.00 8.00  0.00 29.00  0.00 1.11973 
4  14.00  0.00 20.00  0.00 8.00  0.00 26.00  0.00 1.18980 
4  13.00  0.00 18.00  0.00 8.00  0.00 23.00  0.00 1.22214 
4  12.00  0.00 16.00  0.00 8.00  0.00 20.00  0.00 1.38344 
4  11.00  0.00 14.00  0.00 8.00  0.00 17.00  0.00 1.98978 
4  10.00  0.00 12.00  0.00 8.00  0.00 14.00  0.00 2.77859 
4  9.00  0.00 10.00  0.00 8.00  0.00 11.00  0.00 8.34454 
4  21.00  0.00 33.00  0.00 9.00  0.00 45.00  0.00 0.77844 
4  20.00  0.00 31.00  0.00 9.00  0.00 42.00  0.00 0.80264 
4  19.00  0.00 29.00  0.00 9.00  0.00 39.00  0.00 0.85651 
4  18.00  0.00 27.00  0.00 9.00  0.00 36.00  0.00 0.91792 
4  17.00  0.00 25.00  0.00 9.00  0.00 33.00  0.00 1.00899 
4  16.00  0.00 23.00  0.00 9.00  0.00 30.00  0.00 1.13006 
4  15.00  0.00 21.00  0.00 9.00  0.00 27.00  0.00 1.18534 
4  14.00  0.00 19.00  0.00 9.00  0.00 24.00  0.00 1.22826 
4  13.00  0.00 17.00  0.00 9.00  0.00 21.00  0.00 1.29858 
4  12.00  0.00 15.00  0.00 9.00  0.00 18.00  0.00 1.81537 
4  11.00  0.00 13.00  0.00 9.00  0.00 15.00  0.00 2.77235 
4  10.00  0.00 11.00  0.00 9.00  0.00 12.00  0.00 8.42765 
4  22.00  0.00 34.00  0.00 10.00  0.00 46.00  0.00 0.78244 
4  21.00  0.00 32.00  0.00 10.00  0.00 43.00  0.00 0.79446 
4  20.00  0.00 30.00  0.00 10.00  0.00 40.00  0.00 0.84854 
4  19.00  0.00 28.00  0.00 10.00  0.00 37.00  0.00 0.89058 
4  18.00  0.00 26.00  0.00 10.00  0.00 34.00  0.00 0.96082 
4  17.00  0.00 24.00  0.00 10.00  0.00 31.00  0.00 1.09844 
4  16.00  0.00 22.00  0.00 10.00  0.00 28.00  0.00 1.24218 
4  15.00  0.00 20.00  0.00 10.00  0.00 25.00  0.00 1.28603 
4  14.00  0.00 18.00  0.00 10.00  0.00 22.00  0.00 1.31699 
4  13.00  0.00 16.00  0.00 10.00  0.00 19.00  0.00 1.49772 
4  12.00  0.00 14.00  0.00 10.00  0.00 16.00  0.00 2.87978 
4  11.00  0.00 12.00  0.00 10.00  0.00 13.00  0.00 7.69645 
4  23.00  0.00 35.00  0.00 11.00  0.00 47.00  0.00 0.82679 
4  22.00  0.00 33.00  0.00 11.00  0.00 44.00  0.00 0.78364 
4  21.00  0.00 31.00  0.00 11.00  0.00 41.00  0.00 0.83373 
4  20.00  0.00 29.00  0.00 11.00  0.00 38.00  0.00 0.88003 
4  19.00  0.00 27.00  0.00 11.00  0.00 35.00  0.00 0.94031 
4  18.00  0.00 25.00  0.00 11.00  0.00 32.00  0.00 1.04940 
4  17.00  0.00 23.00  0.00 11.00  0.00 29.00  0.00 1.18796 
4  16.00  0.00 21.00  0.00 11.00  0.00 26.00  0.00 1.36272 
4  15.00  0.00 19.00  0.00 11.00  0.00 23.00  0.00 1.39716 
4  14.00  0.00 17.00  0.00 11.00  0.00 20.00  0.00 1.54567 
4  13.00  0.00 15.00  0.00 11.00  0.00 17.00  0.00 2.58462 
4  12.00  0.00 13.00  0.00 11.00  0.00 14.00  0.00 6.86102 
4  23.00  0.00 34.00  0.00 12.00  0.00 45.00  0.00 0.79134 
4  22.00  0.00 32.00  0.00 12.00  0.00 42.00  0.00 0.80947 
4  21.00  0.00 30.00  0.00 12.00  0.00 39.00  0.00 0.87761 
4  20.00  0.00 28.00  0.00 12.00  0.00 36.00  0.00 0.92898 
4  19.00  0.00 26.00  0.00 12.00  0.00 33.00  0.00 1.01003 
4  18.00  0.00 24.00  0.00 12.00  0.00 30.00  0.00 1.14957 
4  17.00  0.00 22.00  0.00 12.00  0.00 27.00  0.00 1.37451 
4  16.00  0.00 20.00  0.00 12.00  0.00 24.00  0.00 1.57707 
4  15.00  0.00 18.00  0.00 12.00  0.00 21.00  0.00 1.67412 
4  14.00  0.00 16.00  0.00 12.00  0.00 18.00  0.00 2.21108 
4  13.00  0.00 14.00  0.00 12.00  0.00 15.00  0.00 5.71627 
4  24.00  0.00 35.00  0.00 13.00  0.00 46.00  0.00 0.78867 
4  23.00  0.00 33.00  0.00 13.00  0.00 43.00  0.00 0.88980 
4  22.00  0.00 31.00  0.00 13.00  0.00 40.00  0.00 0.89524 
4  21.00  0.00 29.00  0.00 13.00  0.00 37.00  0.00 0.92369 
4  20.00  0.00 27.00  0.00 13.00  0.00 34.00  0.00 0.98741 
4  19.00  0.00 25.00  0.00 13.00  0.00 31.00  0.00 1.11506 
4  18.00  0.00 23.00  0.00 13.00  0.00 28.00  0.00 1.31937 
4  17.00  0.00 21.00  0.00 13.00  0.00 25.00  0.00 1.59238 
4  16.00  0.00 19.00  0.00 13.00  0.00 22.00  0.00 1.94758 
4  15.00  0.00 17.00  0.00 13.00  0.00 19.00  0.00 2.34904 
4  14.00  0.00 15.00  0.00 13.00  0.00 16.00  0.00 6.11784 
4  25.00  0.00 36.00  0.00 14.00  0.00 47.00  0.00 0.86388 
4  24.00  0.00 34.00  0.00 14.00  0.00 44.00  0.00 0.83927 
4  23.00  0.00 32.00  0.00 14.00  0.00 41.00  0.00 0.88461 
4  22.00  0.00 30.00  0.00 14.00  0.00 38.00  0.00 0.91705 
4  21.00  0.00 28.00  0.00 14.00  0.00 35.00  0.00 0.98113 
4  20.00  0.00 26.00  0.00 14.00  0.00 32.00  0.00 1.10537 
4  19.00  0.00 24.00  0.00 14.00  0.00 29.00  0.00 1.26326 
4  18.00  0.00 22.00  0.00 14.00  0.00 26.00  0.00 1.58770 
4  17.00  0.00 20.00  0.00 14.00  0.00 23.00  0.00 1.99375 
4  16.00  0.00 18.00  0.00 14.00  0.00 20.00  0.00 2.94977 
4  15.00  0.00 16.00  0.00 14.00  0.00 17.00  0.00 5.35465 
4  25.00  0.00 35.00  0.00 15.00  0.00 45.00  0.00 0.83924 
4  24.00  0.00 33.00  0.00 15.00  0.00 42.00  0.00 0.94733 
4  23.00  0.00 31.00  0.00 15.00  0.00 39.00  0.00 0.91577 
4  22.00  0.00 29.00  0.00 15.00  0.00 36.00  0.00 0.97585 
4  21.00  0.00 27.00  0.00 15.00  0.00 33.00  0.00 1.06376 
4  20.00  0.00 25.00  0.00 15.00  0.00 30.00  0.00 1.20373 
4  19.00  0.00 23.00  0.00 15.00  0.00 27.00  0.00 1.52385 
4  18.00  0.00 21.00  0.00 15.00  0.00 24.00  0.00 1.92786 
4  17.00  0.00 19.00  0.00 15.00  0.00 21.00  0.00 3.17844 
4  16.00  0.00 17.00  0.00 15.00  0.00 18.00  0.00 8.27271 
4  26.00  0.00 36.00  0.00 16.00  0.00 46.00  0.00 0.84833 
4  25.00  0.00 34.00  0.00 16.00  0.00 43.00  0.00 1.05234 
4  24.00  0.00 32.00  0.00 16.00  0.00 40.00  0.00 0.93171 
4  23.00  0.00 30.00  0.00 16.00  0.00 37.00  0.00 0.97458 
4  22.00  0.00 28.00  0.00 16.00  0.00 34.00  0.00 0.97587 
4  21.00  0.00 26.00  0.00 16.00  0.00 31.00  0.00 1.20855 
4  20.00  0.00 24.00  0.00 16.00  0.00 28.00  0.00 1.47300 
4  19.00  0.00 22.00  0.00 16.00  0.00 25.00  0.00 1.97382 
4  18.00  0.00 20.00  0.00 16.00  0.00 22.00  0.00 3.08802 
4  17.00  0.00 18.00  0.00 16.00  0.00 19.00  0.00 8.02123 
4  27.00  0.00 37.00  0.00 17.00  0.00 47.00  0.00 0.87533 
4  26.00  0.00 35.00  0.00 17.00  0.00 44.00  0.00 0.89124 
4  25.00  0.00 33.00  0.00 17.00  0.00 41.00  0.00 1.01818 
4  24.00  0.00 31.00  0.00 17.00  0.00 38.00  0.00 0.98451 
4  23.00  0.00 29.00  0.00 17.00  0.00 35.00  0.00 1.06422 
4  22.00  0.00 27.00  0.00 17.00  0.00 32.00  0.00 1.20667 
4  21.00  0.00 25.00  0.00 17.00  0.00 29.00  0.00 1.43741 
4  20.00  0.00 23.00  0.00 17.00  0.00 26.00  0.00 1.95909 
4  19.00  0.00 21.00  0.00 17.00  0.00 23.00  0.00 3.04968 
4  18.00  0.00 19.00  0.00 17.00  0.00 20.00  0.00 9.48753 
4  27.00  0.00 36.00  0.00 18.00  0.00 45.00  0.00 0.89715 
4  26.00  0.00 34.00  0.00 18.00  0.00 42.00  0.00 1.08285 
4  25.00  0.00 32.00  0.00 18.00  0.00 39.00  0.00 1.03920 
4  24.00  0.00 30.00  0.00 18.00  0.00 36.00  0.00 1.10997 
4  23.00  0.00 28.00  0.00 18.00  0.00 33.00  0.00 1.21174 
4  22.00  0.00 26.00  0.00 18.00  0.00 30.00  0.00 1.43036 
4  21.00  0.00 24.00  0.00 18.00  0.00 27.00  0.00 2.05586 
4  20.00  0.00 22.00  0.00 18.00  0.00 24.00  0.00 3.29703 
4  19.00  0.00 20.00  0.00 18.00  0.00 21.00  0.00 8.89885 
4  28.00  0.00 37.00  0.00 19.00  0.00 46.00  0.00 0.89110 
4  27.00  0.00 35.00  0.00 19.00  0.00 43.00  0.00 1.01355 
4  26.00  0.00 33.00  0.00 19.00  0.00 40.00  0.00 1.11880 
4  25.00  0.00 31.00  0.00 19.00  0.00 37.00  0.00 1.14399 
4  24.00  0.00 29.00  0.00 19.00  0.00 34.00  0.00 1.25701 
4  23.00  0.00 27.00  0.00 19.00  0.00 31.00  0.00 1.52723 
4  22.00  0.00 25.00  0.00 19.00  0.00 28.00  0.00 1.99066 
4  21.00  0.00 23.00  0.00 19.00  0.00 25.00  0.00 3.43745 
4  20.00  0.00 21.00  0.00 19.00  0.00 22.00  0.00 8.21726 
4  29.00  0.00 38.00  0.00 20.00  0.00 47.00  0.00 0.92024 
4  28.00  0.00 36.00  0.00 20.00  0.00 44.00  0.00 0.96874 
4  27.00  0.00 34.00  0.00 20.00  0.00 41.00  0.00 1.16389 
4  26.00  0.00 32.00  0.00 20.00  0.00 38.00  0.00 1.18935 
4  25.00  0.00 30.00  0.00 20.00  0.00 35.00  0.00 1.35517 
4  24.00  0.00 28.00  0.00 20.00  0.00 32.00  0.00 1.59100 
4  23.00  0.00 26.00  0.00 20.00  0.00 29.00  0.00 2.10517 
4  22.00  0.00 24.00  0.00 20.00  0.00 26.00  0.00 3.44331 
4  21.00  0.00 22.00  0.00 20.00  0.00 23.00  0.00 9.82751 
4  29.00  0.00 37.00  0.00 21.00  0.00 45.00  0.00 0.94856 
4  28.00  0.00 35.00  0.00 21.00  0.00 42.00  0.00 1.13341 
4  27.00  0.00 33.00  0.00 21.00  0.00 39.00  0.00 1.26291 
4  26.00  0.00 31.00  0.00 21.00  0.00 36.00  0.00 1.35051 
4  25.00  0.00 29.00  0.00 21.00  0.00 33.00  0.00 1.64914 
4  24.00  0.00 27.00  0.00 21.00  0.00 30.00  0.00 2.04445 
4  23.00  0.00 25.00  0.00 21.00  0.00 27.00  0.00 3.48425 
4  22.00  0.00 23.00  0.00 21.00  0.00 24.00  0.00 8.32331 
4  30.00  0.00 38.00  0.00 22.00  0.00 46.00  0.00 0.95709 
4  29.00  0.00 36.00  0.00 22.00  0.00 43.00  0.00 1.12016 
4  28.00  0.00 34.00  0.00 22.00  0.00 40.00  0.00 1.22237 
4  27.00  0.00 32.00  0.00 22.00  0.00 37.00  0.00 1.41422 
4  26.00  0.00 30.00  0.00 22.00  0.00 34.00  0.00 1.72055 
4  25.00  0.00 28.00  0.00 22.00  0.00 31.00  0.00 2.29359 
4  24.00  0.00 26.00  0.00 22.00  0.00 28.00  0.00 3.73351 
4  23.00  0.00 24.00  0.00 22.00  0.00 25.00  0.00 9.83342 
4  31.00  0.00 39.00  0.00 23.00  0.00 47.00  0.00 0.94783 
4  30.00  0.00 37.00  0.00 23.00  0.00 44.00  0.00 1.03161 
4  29.00  0.00 35.00  0.00 23.00  0.00 41.00  0.00 1.27741 
4  28.00  0.00 33.00  0.00 23.00  0.00 38.00  0.00 1.49809 
4  27.00  0.00 31.00  0.00 23.00  0.00 35.00  0.00 1.73510 
4  26.00  0.00 29.00  0.00 23.00  0.00 32.00  0.00 2.40236 
4  25.00  0.00 27.00  0.00 23.00  0.00 29.00  0.00 3.70537 
4  24.00  0.00 25.00  0.00 23.00  0.00 26.00  0.00 9.23880 
4  31.00  0.00 38.00  0.00 24.00  0.00 45.00  0.00 1.03614 
4  30.00  0.00 36.00  0.00 24.00  0.00 42.00  0.00 1.25848 
4  29.00  0.00 34.00  0.00 24.00  0.00 39.00  0.00 1.49143 
4  28.00  0.00 32.00  0.00 24.00  0.00 36.00  0.00 1.78005 
4  27.00  0.00 30.00  0.00 24.00  0.00 33.00  0.00 2.45723 
4  26.00  0.00 28.00  0.00 24.00  0.00 30.00  0.00 3.66806 
4  25.00  0.00 26.00  0.00 24.00  0.00 27.00  0.00 10.31060 
4  32.00  0.00 39.00  0.00 25.00  0.00 46.00  0.00 0.98080 
4  31.00  0.00 37.00  0.00 25.00  0.00 43.00  0.00 1.26533 
4  30.00  0.00 35.00  0.00 25.00  0.00 40.00  0.00 1.56473 
4  29.00  0.00 33.00  0.00 25.00  0.00 37.00  0.00 1.86316 
4  28.00  0.00 31.00  0.00 25.00  0.00 34.00  0.00 2.38555 
4  27.00  0.00 29.00  0.00 25.00  0.00 31.00  0.00 4.07869 
4  26.00  0.00 27.00  0.00 25.00  0.00 28.00  0.00 9.87715 
4  33.00  0.00 40.00  0.00 26.00  0.00 47.00  0.00 0.93839 
4  32.00  0.00 38.00  0.00 26.00  0.00 44.00  0.00 1.21685 
4  31.00  0.00 36.00  0.00 26.00  0.00 41.00  0.00 1.55015 
4  30.00  0.00 34.00  0.00 26.00  0.00 38.00  0.00 1.87591 
4  29.00  0.00 32.00  0.00 26.00  0.00 35.00  0.00 2.46369 
4  28.00  0.00 30.00  0.00 26.00  0.00 32.00  0.00 4.52975 
4  27.00  0.00 28.00  0.00 26.00  0.00 29.00  0.00 10.28481 
4  33.00  0.00 39.00  0.00 27.00  0.00 45.00  0.00 1.13349 
4  32.00  0.00 37.00  0.00 27.00  0.00 42.00  0.00 1.51932 
4  31.00  0.00 35.00  0.00 27.00  0.00 39.00  0.00 1.89214 
4  30.00  0.00 33.00  0.00 27.00  0.00 36.00  0.00 2.62743 
4  29.00  0.00 31.00  0.00 27.00  0.00 33.00  0.00 4.06049 
4  28.00  0.00 29.00  0.00 27.00  0.00 30.00  0.00 9.82305 
4  34.00  0.00 40.00  0.00 28.00  0.00 46.00  0.00 1.02209 
4  33.00  0.00 38.00  0.00 28.00  0.00 43.00  0.00 1.47876 
4  32.00  0.00 36.00  0.00 28.00  0.00 40.00  0.00 1.96759 
4  31.00  0.00 34.00  0.00 28.00  0.00 37.00  0.00 2.85062 
4  30.00  0.00 32.00  0.00 28.00  0.00 34.00  0.00 4.13593 
4  29.00  0.00 30.00  0.00 28.00  0.00 31.00  0.00 10.25972 
4  35.00  0.00 41.00  0.00 29.00  0.00 47.00  0.00 1.01264 
4  34.00  0.00 39.00  0.00 29.00  0.00 44.00  0.00 1.55200 
4  33.00  0.00 37.00  0.00 29.00  0.00 41.00  0.00 1.89034 
4  32.00  0.00 35.00  0.00 29.00  0.00 38.00  0.00 2.89076 
4  31.00  0.00 33.00  0.00 29.00  0.00 35.00  0.00 5.20176 
4  30.00  0.00 31.00  0.00 29.00  0.00 32.00  0.00 10.21724 
4  35.00  0.00 40.00  0.00 30.00  0.00 45.00  0.00 1.48611 
4  34.00  0.00 38.00  0.00 30.00  0.00 42.00  0.00 2.03471 
4  33.00  0.00 36.00  0.00 30.00  0.00 39.00  0.00 2.71372 
4  32.00  0.00 34.00  0.00 30.00  0.00 36.00  0.00 6.62690 
4  31.00  0.00 32.00  0.00 30.00  0.00 33.00  0.00 12.51354 
4  36.00  0.00 41.00  0.00 31.00  0.00 46.00  0.00 1.20499 
4  35.00  0.00 39.00  0.00 31.00  0.00 43.00  0.00 2.45531 
4  34.00  0.00 37.00  0.00 31.00  0.00 40.00  0.00 2.74970 
4  33.00  0.00 35.00  0.00 31.00  0.00 37.00  0.00 6.30000 
4  32.00  0.00 33.00  0.00 31.00  0.00 34.00  0.00 17.91367 
4  37.00  0.00 42.00  0.00 32.00  0.00 47.00  0.00 1.20819 
4  36.00  0.00 40.00  0.00 32.00  0.00 44.00  0.00 2.60091 
4  35.00  0.00 38.00  0.00 32.00  0.00 41.00  0.00 3.63344 
4  34.00  0.00 36.00  0.00 32.00  0.00 38.00  0.00 6.58271 
4  33.00  0.00 34.00  0.00 32.00  0.00 35.00  0.00 26.21657 
4  37.00  0.00 41.00  0.00 33.00  0.00 45.00  0.00 2.37283 
4  36.00  0.00 39.00  0.00 33.00  0.00 42.00  0.00 4.61179 
4  35.00  0.00 37.00  0.00 33.00  0.00 39.00  0.00 6.16011 
4  34.00  0.00 35.00  0.00 33.00  0.00 36.00  0.00 30.64702 
4  38.00  0.00 42.00  0.00 34.00  0.00 46.00  0.00 1.69907 
4  37.00  0.00 40.00  0.00 34.00  0.00 43.00  0.00 5.51112 
4  36.00  0.00 38.00  0.00 34.00  0.00 40.00  0.00 10.48468 
4  35.00  0.00 36.00  0.00 34.00  0.00 37.00  0.00 38.97322 
4  39.00  0.00 43.00  0.00 35.00  0.00 47.00  0.00 1.57721 
4  38.00  0.00 41.00  0.00 35.00  0.00 44.00  0.00 5.80451 
4  37.00  0.00 39.00  0.00 35.00  0.00 41.00  0.00 13.32235 
4  36.00  0.00 37.00  0.00 35.00  0.00 38.00  0.00 36.68585 
4  39.00  0.00 42.00  0.00 36.00  0.00 45.00  0.00 5.45874 
4  38.00  0.00 40.00  0.00 36.00  0.00 42.00  0.00 14.11889 
4  37.00  0.00 38.00  0.00 36.00  0.00 39.00  0.00 48.60335 
4  40.00  0.00 43.00  0.00 37.00  0.00 46.00  0.00 3.18502 
4  39.00  0.00 41.00  0.00 37.00  0.00 43.00  0.00 14.72448 
4  38.00  0.00 39.00  0.00 37.00  0.00 40.00  0.00 50.71662 
4  41.00  0.00 44.00  0.00 38.00  0.00 47.00  0.00 3.87863 
4  40.00  0.00 42.00  0.00 38.00  0.00 44.00  0.00 20.58412 
4  39.00  0.00 40.00  0.00 38.00  0.00 41.00  0.00 55.61646 
4  41.00  0.00 43.00  0.00 39.00  0.00 45.00  0.00 20.18640 
4  40.00  0.00 41.00  0.00 39.00  0.00 42.00  0.00 59.25327 
4  42.00  0.00 44.00  0.00 40.00  0.00 46.00  0.00 13.93630 
4  41.00  0.00 42.00  0.00 40.00  0.00 43.00  0.00 71.04120 
4  43.00  0.00 45.00  0.00 41.00  0.00 47.00  0.00 15.21150 
4  42.00  0.00 43.00  0.00 41.00  0.00 44.00  0.00 67.96777 
4  43.00  0.00 44.00  0.00 42.00  0.00 45.00  0.00 83.07164 
4  44.00  0.00 45.00  0.00 43.00  0.00 46.00  0.00 55.76448 
4  45.00  0.00 46.00  0.00 44.00  0.00 47.00  0.00 71.01425 
0
0
0
0
